210    40
63    277
10    16
260    322
246    919
254    1444
42    403
28    209
160    174
279    832
41    265
7    479
160    135
68    117
66    298
276    322
72    48
52    280
299    14
286    171
28    201
233    202
7    382
189    520
145    237
77    484
101    829
301    227
276    2
144    89
222    151
203    321
94    265
52    250
151    197
213    173
291    80
13    892
215    211
96    156
72    182
298    486
72    54
276    922
131    126
90    289
59    742
79    303
239    1099
243    1039
189    56
42    274
178    742
101    304
144    709
1    171
263    96
15    25
56    449
263    568
83    660
291    686
37    288
42    1028
207    318
230    304
1    265
188    143
69    268
59    323
90    923
256    443
89    216
150    181
275    186
83    281
82    477
84    742
297    89
239    513
279    725
62    182
130    105
135    1046
151    13
313    566
14    213
207    58
87    585
102    524
63    100
248    589
151    747
207    65
164    281
95    68
222    22
138    523
178    199
234    98
130    307
61    323
94    174
188    96
200    588
214    213
268    580
23    463
276    357
162    1019
305    79
77    91
1    253
271    56
222    88
312    573
256    220
76    175
310    116
311    566
276    845
13    308
45    109
94    211
105    268
71    89
252    300
83    82
92    176
92    790
66    7
271    482
110    578
168    274
92    216
279    254
249    255
99    50
214    275
291    70
158    241
188    218
101    471
275    69
262    121
79    100
82    14
303    433
196    251
7    576
250    338
185    199
293    79
311    203
81    169
196    655
227    411
11    110
151    1298
178    678
199    258
6    357
164    117
36    307
266    676
201    1010
5    382
21    98
80    582
253    216
215    144
279    1182
87    211
267    386
106    107
44    250
186    983
64    684
238    111
184    71
275    520
7    643
306    864
177    299
7    650
18    863
290    393
125    239
255    448
186    281
295    73
296    242
180    431
18    494
158    85
270    53
207    121
67    1095
207    864
197    294
279    709
59    496
244    155
224    215
99    410
293    629
123    135
310    845
272    127
259    269
193    332
115    92
154    488
122    215
164    299
210    58
151    692
222    135
249    124
246    406
191    301
195    496
11    746
303    182
13    685
244    216
271    514
246    816
297    286
234    485
42    121
320    202
42    606
233    482
30    82
308    634
307    173
276    1416
116    301
162    742
291    366
181    597
77    168
28    380
290    476
293    724
128    143
326    186
287    92
7    193
267    114
42    143
314    9
188    474
79    508
145    1001
210    502
301    172
318    508
37    183
83    1035
49    238
62    4
294    288
207    14
180    79
1    132
261    259
291    273
137    55
296    510
328    905
268    250
227    293
13    273
59    1117
119    1262
262    258
63    237
276    347
254    380
330    235
331    486
92    386
329    100
226    180
125    97
290    71
197    288
44    257
292    183
144    747
285    216
136    276
56    29
177    89
261    597
162    685
221    318
76    811
14    22
73    12
291    816
207    468
48    308
290    274
98    517
257    258
234    229
106    213
81    471
109    930
87    233
274    411
246    423
1    70
249    176
92    175
18    196
43    498
167    603
130    550
334    117
10    203
201    1211
90    301
152    97
240    343
224    258
293    1132
303    460
297    300
227    126
157    150
59    381
83    95
320    456
314    1139
42    405
119    1170
303    99
132    922
313    969
321    523
56    239
13    508
197    566
239    98
184    521
92    431
235    648
292    525
128    747
267    50
184    14
63    246
321    615
73    127
309    333
194    216
201    87
151    405
85    86
314    929
43    382
5    222
236    289
13    755
110    1248
148    529
198    511
293    124
182    293
90    213
154    286
87    1189
216    226
308    193
72    89
12    82
70    202
338    211
308    609
62    96
210    255
269    131
53    924
262    217
128    417
59    488
28    282
293    216
112    689
268    946
295    736
331    69
311    692
26    321
256    276
276    770
327    431
293    514
283    186
71    462
97    7
92    1212
237    23
311    117
308    673
40    754
151    357
249    411
222    164
128    215
6    209
279    67
95    173
231    126
184    836
298    418
91    264
254    257
60    810
169    429
330    51
279    1411
311    310
64    239
59    385
116    760
189    129
6    175
144    286
326    318
117    176
299    602
85    71
244    596
299    739
314    620
299    343
95    378
253    210
201    955
299    270
292    1050
144    518
198    402
160    124
125    511
58    222
184    275
26    100
254    625
64    731
290    202
313    608
168    409
299    1074
145    717
151    328
322    508
332    98
6    498
130    1277
279    202
184    1006
193    328
334    4
118    156
1    206
73    7
322    479
59    664
87    790
325    98
303    129
328    1126
298    498
263    514
305    338
94    765
213    715
308    488
151    321
82    178
313    482
86    286
86    319
188    7
151    213
276    719
303    202
227    9
178    275
349    411
59    258
223    69
348    370
14    151
12    97
308    736
5    436
292    657
150    268
95    742
92    42
91    331
214    408
308    656
313    114
307    143
293    655
144    304
180    631
305    212
90    313
145    553
297    98
275    304
7    168
7    269
333    66
58    340
342    723
151    494
343    187
178    210
117    421
338    204
162    50
327    143
188    210
119    546
303    9
298    195
137    327
136    847
354    463
276    853
303    318
9    286
234    709
280    265
334    59
276    230
32    100
11    735
90    272
90    269
18    89
318    239
5    422
46    127
130    3
314    1520
354    694
93    275
318    934
125    949
222    94
293    153
346    4
18    194
189    274
272    474
268    31
307    527
339    214
360    116
56    82
234    490
211    263
313    174
184    1136
117    597
318    481
189    815
49    418
294    327
313    609
299    418
90    494
301    514
328    132
10    223
23    315
119    472
332    1013
336    13
341    877
164    148
299    742
258    310
315    55
228    651
89    813
330    465
280    286
106    8
177    179
117    12
43    336
99    196
248    249
234    152
87    300
18    12
339    183
332    82
244    762
76    59
264    56
301    187
43    318
295    25
94    380
174    312
7    208
287    156
218    517
2    281
214    56
328    265
58    425
80    45
56    118
207    28
263    69
322    179
137    261
176    250
15    924
291    1098
276    597
117    240
249    431
331    454
345    216
269    293
178    70
7    172
18    179
189    657
342    1368
157    298
293    228
299    479
152    966
201    482
295    210
293    466
13    243
320    3
328    403
280    180
354    847
253    188
89    83
307    91
332    655
314    402
142    362
247    272
179    301
92    692
199    242
367    246
44    209
130    625
13    861
329    515
226    7
299    496
273    902
64    420
279    226
57    237
119    111
137    222
195    1013
43    847
344    707
318    401
218    410
339    101
92    531
232    315
297    448
251    237
293    27
366    853
184    258
298    473
222    449
87    810
327    32
339    589
108    275
334    502
303    80
251    520
146    1294
178    76
325    640
323    255
374    591
279    1489
269    645
343    143
234    274
91    435
128    237
345    479
207    245
327    173
313    135
7    203
327    650
102    689
191    343
279    469
59    660
308    234
130    405
343    211
379    705
59    562
201    340
77    265
67    743
38    1014
7    266
276    1110
90    423
21    773
333    316
344    268
249    68
214    294
312    603
344    45
41    746
381    212
345    295
347    216
125    485
70    527
32    866
130    940
329    924
327    1141
301    8
179    310
220    343
139    303
287    591
378    1478
13    265
148    169
1    97
193    174
276    238
380    530
277    286
208    430
18    57
131    14
308    183
58    240
224    387
7    624
64    582
6    125
232    194
291    174
318    88
110    783
362    258
311    136
105    272
109    223
56    73
256    728
262    98
92    191
249    121
68    50
311    188
387    56
253    282
219    546
354    508
378    151
378    793
291    72
201    193
299    1039
49    101
75    137
119    742
323    332
184    231
346    546
354    175
62    232
89    694
38    94
292    628
122    191
1    201
65    661
314    1220
15    864
385    367
184    766
340    186
72    504
281    877
334    170
61    1127
346    809
303    473
177    508
339    28
293    164
64    202
196    111
28    222
190    222
378    162
253    742
158    62
74    137
262    625
18    215
129    269
312    269
82    414
378    875
343    483
244    164
385    262
387    32
136    19
233    58
248    153
119    147
43    531
56    761
30    286
178    455
269    195
271    402
94    946
280    95
314    274
181    682
23    427
16    654
7    667
82    472
70    1065
145    684
269    98
267    22
361    402
372    183
376    237
28    294
128    1
360    237
224    277
296    750
158    50
314    597
54    748
109    392
323    467
152    845
303    294
9    527
290    498
293    474
294    742
321    855
146    347
182    423
59    473
314    1503
178    25
102    98
393    318
182    121
125    498
283    238
382    276
151    49
342    657
313    650
262    143
182    100
262    778
276    404
394    67
308    28
385    474
204    1022
378    123
172    582
317    328
99    69
387    1019
201    443
130    1049
60    511
51    496
291    588
343    724
119    24
313    843
144    96
378    159
307    81
43    432
7    181
188    485
3    351
11    291
94    82
379    452
92    249
387    773
360    302
298    69
340    205
222    196
275    496
175    183
117    588
346    742
188    56
306    13
399    813
291    66
374    931
91    230
21    875
308    25
393    681
48    511
252    275
387    183
280    181
7    154
381    129
398    504
94    650
72    177
357    118
11    663
64    17
313    527
304    893
330    47
92    393
373    58
170    881
251    12
385    304
301    154
198    175
276    168
158    403
69    100
227    1010
380    1168
7    185
60    613
16    603
266    124
229    748
14    202
301    756
280    1313
244    886
269    475
7    683
311    183
301    849
338    663
244    475
77    52
240    289
82    479
346    76
395    151
299    1119
213    475
21    665
152    51
212    286
365    13
399    1228
378    451
109    183
101    756
37    597
381    652
399    459
215    70
403    111
198    654
251    249
214    238
308    498
224    620
345    93
313    228
326    445
95    622
48    195
97    429
64    156
280    538
70    169
308    589
99    926
392    1143
201    176
62    180
303    705
292    207
176    240
23    13
43    91
387    168
213    193
308    463
209    50
316    9
144    300
109    172
399    372
348    406
406    48
290    22
249    235
296    963
234    242
324    283
59    506
380    732
18    64
59    708
313    194
327    806
399    196
200    802
109    294
298    197
389    504
117    56
246    369
361    655
235    197
130    33
174    949
85    157
46    327
40    333
313    69
286    1
334    322
279    121
95    568
290    523
239    1056
342    100
280    692
13    196
221    231
194    198
268    183
374    815
198    197
345    246
148    7
85    443
336    67
58    228
407    433
243    511
128    965
402    764
79    740
372    441
279    224
389    479
280    237
405    11
372    547
269    1101
215    432
393    527
35    259
112    312
194    526
385    290
342    581
276    127
379    50
343    250
346    831
10    371
409    223
19    382
151    121
141    295
286    881
407    196
378    411
334    427
399    959
407    50
318    435
201    221
393    1446
291    89
164    823
200    112
399    588
210    419
391    134
13    472
276    214
320    77
354    124
92    184
409    99
90    328
376    289
347    685
401    499
270    471
408    689
267    474
189    381
370    511
279    201
398    493
406    429
243    173
158    137
119    829
7    564
389    942
400    300
291    106
409    197
279    804
98    938
14    845
405    232
95    550
92    728
406    645
119    568
277    181
407    785
58    381
145    751
417    781
283    455
398    172
360    166
235    7
92    43
286    25
276    640
59    186
263    64
199    286
264    433
13    520
417    1095
18    97
378    252
416    578
406    608
399    71
293    866
387    169
234    451
296    482
112    303
363    66
272    357
290    196
59    172
280    1168
296    284
308    477
391    15
85    268
228    655
276    742
151    164
145    69
130    975
339    469
58    257
162    254
363    546
330    88
230    181
246    151
85    154
385    168
188    127
312    656
214    288
69    129
409    59
92    124
321    614
417    423
168    100
89    257
234    549
397    334
151    482
405    1176
312    588
342    558
330    427
374    29
425    271
419    1451
44    433
90    182
373    649
223    597
248    168
313    234
334    658
312    730
306    269
312    1116
270    684
244    151
45    21
387    432
194    7
247    1
130    588
406    701
286    574
198    196
144    176
56    432
301    99
135    653
306    150
92    276
303    367
150    273
226    150
206    895
393    1183
294    1016
145    42
145    51
94    193
94    1004
295    389
299    13
393    2
345    405
46    7
42    742
18    162
92    66
393    779
339    845
1    86
429    86
348    313
94    425
43    568
184    174
423    315
116    264
316    463
311    50
35    680
289    926
59    109
164    276
295    159
250    474
43    11
144    273
379    133
209    766
40    294
393    83
256    925
330    193
184    11
313    498
57    597
92    403
285    682
417    403
160    564
75    410
276    333
402    126
424    1346
249    591
393    378
339    525
18    775
424    25
296    45
328    157
174    415
168    819
305    550
378    48
2    313
389    518
239    492
145    270
293    54
350    589
267    273
411    1470
421    156
409    202
297    471
405    432
276    135
315    746
59    521
250    321
159    117
340    423
95    181
336    1218
74    129
115    181
184    250
387    116
174    204
203    250
400    689
189    638
301    269
393    672
435    380
92    203
63    924
183    331
372    448
92    328
307    114
267    780
94    135
256    834
52    93
56    258
417    979
437    1121
222    658
10    186
378    100
119    455
378    1439
59    50
94    652
299    136
120    252
197    880
60    64
407    174
234    484
347    215
42    566
207    161
347    56
7    223
330    418
271    605
176    50
417    132
328    503
432    237
427    300
398    1119
194    71
301    385
276    101
354    511
244    77
330    473
13    27
23    1
394    1079
437    655
178    762
389    502
353    300
251    181
342    813
249    1016
387    744
406    527
329    245
393    591
79    1008
198    228
317    245
241    887
338    603
343    237
436    454
125    384
392    1142
137    266
95    1018
417    195
2    19
188    164
373    196
429    693
281    682
334    708
269    143
381    100
326    671
334    1404
200    1139
421    194
26    150
296    268
270    1471
391    497
21    291
81    98
136    515
383    9
300    100
429    427
21    258
379    686
69    508
321    100
406    99
385    286
157    147
363    81
208    208
50    508
234    963
292    705
346    405
374    405
239    954
95    229
426    614
22    194
6    87
234    1126
379    530
388    117
232    493
222    127
119    40
417    544
291    384
450    58
244    1209
325    286
406    40
450    801
445    204
450    785
226    258
268    40
18    514
87    702
339    1244
291    729
354    197
18    487
167    568
416    568
11    94
64    154
344    472
109    58
1    214
224    196
312    4
435    4
74    124
305    423
425    429
450    179
258    748
311    785
409    684
416    92
447    69
236    443
141    106
328    470
429    710
330    66
393    747
291    181
13    589
416    506
16    357
7    418
453    421
249    249
189    127
338    170
94    696
264    179
24    358
1    161
361    513
185    447
43    215
381    135
345    972
38    234
343    921
337    1016
394    552
26    13
371    79
174    597
444    50
399    274
120    148
318    697
406    1267
30    7
70    625
276    876
299    175
228    272
83    405
160    50
382    639
267    228
437    451
452    134
205    328
224    686
21    327
211    228
214    185
407    746
387    39
313    403
200    393
72    38
399    475
387    203
373    100
322    514
301    176
271    485
60    199
363    154
297    118
457    182
339    1
324    9
60    1123
267    727
125    801
420    302
378    110
99    472
206    340
347    721
222    215
374    651
90    514
268    1065
253    98
262    736
96    198
117    298
239    340
303    507
295    94
5    379
355    872
70    193
436    845
76    89
268    1079
210    210
154    414
44    176
450    762
220    319
58    32
396    322
183    270
360    423
234    288
125    479
62    47
294    1132
383    197
407    147
334    512
452    191
102    102
63    255
409    604
10    698
277    285
184    995
297    222
119    322
397    705
412    193
286    167
332    174
131    285
406    24
268    288
204    303
244    856
168    930
189    89
151    209
4    271
170    288
117    179
13    234
435    410
251    1012
417    77
379    179
336    41
50    288
249    298
405    393
130    343
105    324
450    708
355    358
328    595
121    792
109    1060
90    52
74    354
159    273
355    242
381    89
2    277
194    491
456    448
37    89
308    31
158    430
301    474
334    111
201    773
212    382
59    83
268    710
286    768
141    756
380    614
38    69
324    872
339    637
113    268
407    432
472    11
277    844
6    21
346    302
461    302
383    237
346    394
342    111
117    33
430    234
390    515
18    378
272    746
422    270
121    124
162    1011
108    718
194    31
383    427
393    497
472    168
24    127
307    286
324    288
136    286
327    506
429    636
465    114
303    321
227    322
75    301
456    1248
138    435
276    380
389    568
447    760
267    33
457    156
184    736
125    211
235    194
95    127
465    216
300    456
460    275
334    430
435    587
383    272
125    728
416    288
339    675
38    681
269    517
312    276
373    660
391    510
409    429
474    480
42    469
405    559
373    778
279    1485
178    202
450    1446
26    316
303    198
23    629
145    313
378    559
311    323
450    904
308    209
186    306
308    408
446    269
303    223
178    300
418    331
99    92
345    1096
201    379
307    380
256    225
1    187
276    825
271    196
421    89
235    191
354    638
393    1407
421    466
354    513
435    52
434    369
377    268
284    306
450    139
370    514
75    1028
94    629
145    635
232    289
425    288
458    174
22    85
385    185
42    443
334    969
275    210
222    24
457    53
429    568
403    123
454    507
268    227
187    735
236    1401
94    419
387    357
455    343
323    121
387    603
78    301
60    181
123    504
406    430
11    414
54    340
102    182
77    201
54    7
370    435
294    472
249    583
410    898
312    488
157    50
94    386
469    499
130    472
428    301
95    451
194    135
416    204
387    1240
393    172
26    151
249    1047
152    215
378    226
373    48
400    321
5    226
222    209
87    780
332    293
406    275
454    153
320    586
279    396
188    226
13    463
2    295
431    322
83    717
79    19
487    470
361    59
135    98
293    313
460    129
472    118
474    100
112    879
461    321
307    215
13    785
457    4
352    195
468    544
452    185
484    554
177    693
11    211
479    28
446    883
422    217
318    238
328    380
110    849
468    742
308    82
437    433
470    1097
14    920
343    77
249    1073
468    294
254    1443
436    102
264    269
384    878
465    481
409    135
472    250
181    15
393    808
117    237
110    33
236    132
452    14
125    258
344    272
484    141
301    76
389    174
314    501
385    160
312    1
450    49
174    221
44    200
263    316
374    148
286    883
193    38
279    413
433    657
420    319
457    980
267    789
326    397
318    24
437    404
455    173
447    7
222    216
303    575
62    605
387    969
460    289
295    91
423    304
435    254
232    133
174    239
256    56
301    405
378    62
214    427
450    70
416    197
236    211
495    674
470    824
296    287
244    553
72    525
488    568
87    232
343    83
444    100
16    143
186    829
268    124
201    227
391    288
340    199
128    340
286    111
126    315
491    45
272    98
268    222
87    199
388    111
21    300
164    293
456    460
427    245
296    293
119    1034
467    268
392    169
312    187
432    410
328    699
462    332
373    265
318    289
276    402
343    152
436    1119
492    492
154    919
412    408
407    629
301    265
114    56
373    136
450    689
376    111
182    203
97    431
420    251
339    234
64    568
459    282
406    3
493    100
325    1003
429    201
435    367
122    661
487    172
416    82
77    56
415    180
366    445
92    12
7    628
495    658
4    328
261    301
268    541
130    248
18    61
125    369
396    300
435    11
10    694
483    181
463    306
466    172
463    274
144    435
450    468
48    519
387    293
144    326
4    258
59    3
450    771
110    226
452    498
118    7
30    2
472    27
174    12
417    419
4    210
429    570
493    96
37    174
90    661
497    575
499    181
318    1044
81    726
66    127
476    765
151    181
271    443
457    127
114    156
342    301
504    66
301    403
457    664
484    463
291    367
201    1193
435    135
505    99
327    154
151    230
18    402
429    625
44    100
334    1170
256    106
417    561
92    674
120    258
191    300
377    338
234    180
271    523
23    961
303    11
63    333
90    89
498    187
222    186
483    462
477    709
200    984
254    435
330    28
38    588
214    64
222    1016
404    348
119    332
383    654
321    64
191    900
500    469
454    404
190    471
271    77
70    8
361    639
301    521
182    111
10    606
470    546
314    996
478    658
468    258
347    240
290    496
279    401
196    340
385    425
435    792
249    423
73    32
458    12
346    636
378    501
246    567
512    23
321    480
515    313
110    215
407    519
313    663
118    79
64    227
7    449
428    896
383    1063
89    240
122    180
307    181
326    64
450    225
279    94
406    641
103    301
320    550
465    179
59    111
321    9
430    302
330    568
466    350
416    347
501    25
210    435
250    676
52    117
216    58
229    311
524    660
435    85
59    713
262    181
503    173
381    283
10    221
398    480
104    313
125    435
458    1261
90    1195
508    69
259    288
504    118
354    1197
234    602
495    68
386    833
379    79
504    215
115    33
379    559
181    934
38    1033
492    127
305    121
97    526
254    78
280    235
263    690
504    197
469    530
480    234
197    684
18    9
330    554
257    245
64    569
44    159
389    602
114    855
151    782
92    143
347    692
399    226
382    332
437    168
239    65
128    159
251    429
236    673
454    100
394    156
303    25
148    209
480    319
392    650
256    741
504    404
379    447
511    313
527    956
321    1126
489    272
92    651
13    909
389    780
339    709
497    588
268    179
508    568
235    701
138    133
509    288
500    386
129    302
327    708
425    679
268    89
313    493
460    301
374    226
194    693
1    133
381    99
145    761
474    181
193    237
314    1267
454    79
387    511
407    1012
497    94
183    1159
116    203
269    715
467    1142
236    462
263    543
416    783
53    568
497    77
257    181
287    181
457    114
267    550
151    603
270    257
133    313
390    319
398    28
532    132
426    492
269    1397
158    194
269    212
207    524
91    98
513    472
431    300
387    113
194    762
189    501
492    124
15    15
416    67
385    487
535    515
177    200
455    31
457    157
308    523
387    455
313    483
56    232
358    268
436    400
456    581
110    586
299    1050
312    524
328    172
535    836
257    198
145    257
342    367
370    183
406    772
478    1521
500    815
406    508
15    302
421    914
518    14
313    430
506    88
449    276
305    16
92    64
469    1558
293    824
493    528
506    230
92    449
313    418
42    161
527    204
180    733
16    510
133    749
230    427
110    802
269    1006
234    842
11    580
348    546
5    168
96    216
527    64
271    89
541    756
82    462
254    678
293    732
279    395
280    1041
207    566
394    385
394    144
535    506
393    1014
277    742
12    202
457    529
406    235
220    294
406    411
301    28
320    568
141    1283
524    928
203    276
13    419
433    294
497    174
512    318
441    15
252    276
373    186
354    14
95    63
387    156
537    475
532    1119
308    357
402    529
223    682
59    1119
94    83
474    618
504    234
532    338
393    138
345    382
536    2
401    1011
249    789
276    916
132    523
291    1077
371    197
514    11
299    514
416    326
374    963
398    85
59    135
207    319
73    64
402    696
533    847
542    318
184    285
495    581
57    318
416    812
548    690
537    874
342    286
307    135
361    673
401    272
425    1597
452    161
435    402
103    257
339    180
404    332
467    124
548    276
409    609
296    528
135    230
268    381
535    39
498    32
479    118
279    1499
303    50
384    289
95    275
59    11
303    250
468    435
297    283
253    591
290    465
267    144
303    1073
426    610
524    742
332    1047
299    811
393    1224
393    843
452    97
354    9
399    48
521    238
327    209
90    762
276    298
239    1204
548    264
406    1220
220    264
16    109
537    1111
20    210
422    558
453    174
201    381
450    751
474    493
442    800
175    419
293    831
342    68
373    90
421    56
497    155
338    514
437    684
313    479
70    95
269    644
347    1016
387    246
532    331
346    77
184    66
505    79
429    55
476    435
425    229
454    131
54    1
186    332
373    191
416    357
293    636
271    699
276    88
494    507
144    729
21    989
70    1146
339    614
232    132
202    242
299    498
417    65
464    1598
79    116
332    746
406    202
378    285
266    14
60    212
7    416
68    409
456    202
374    64
501    298
499    183
57    1096
545    710
351    678
151    198
387    123
158    250
85    291
387    20
328    601
323    292
385    631
533    180
312    211
244    318
527    56
474    633
343    1211
185    514
130    412
436    347
301    39
468    582
429    505
157    685
213    118
409    207
13    1
497    783
472    1
60    515
527    201
24    41
472    99
496    141
115    177
339    1526
7    665
60    491
450    928
380    751
402    1060
141    823
474    603
498    182
533    427
539    242
413    250
440    937
437    1007
187    216
201    425
472    38
542    56
457    483
532    1470
138    15
57    820
532    421
360    286
188    651
83    584
552    336
429    763
121    100
195    198
144    319
390    302
569    111
538    211
84    95
337    380
397    345
557    294
299    129
416    1051
406    434
94    22
312    185
457    31
339    415
399    69
512    97
354    531
313    1
533    54
504    82
535    735
352    82
429    161
405    427
336    111
92    265
128    419
90    650
506    550
567    613
214    166
188    100
504    63
1    205
109    164
498    23
151    204
407    100
485    341
334    937
194    73
164    100
237    238
426    204
286    211
347    508
455    402
497    67
472    229
569    222
180    660
156    187
553    427
459    225
84    117
424    427
115    23
239    498
332    123
486    258
457    230
24    173
424    333
523    1009
294    269
472    748
28    227
393    64
72    241
535    22
379    205
16    531
301    568
201    1135
18    98
276    241
222    175
551    566
587    995
488    70
498    164
380    182
286    82
557    508
393    1000
193    23
514    408
214    171
60    637
164    515
541    465
59    610
145    294
57    284
334    68
13    603
326    181
416    918
489    689
264    645
561    53
345    226
283    294
454    121
472    355
567    221
198    191
178    423
529    292
229    269
453    963
280    389
311    399
476    209
454    316
95    153
543    117
141    926
187    168
460    676
566    1193
378    181
363    518
197    265
543    207
7    603
59    484
533    9
537    207
71    181
486    766
208    517
524    931
161    257
399    231
523    629
145    282
268    203
532    153
537    7
586    148
487    794
456    1218
403    288
144    4
439    300
497    145
48    209
186    56
476    710
394    172
493    318
154    174
430    124
236    435
463    50
543    591
361    770
290    141
303    227
435    435
592    79
405    403
593    633
500    42
326    565
449    1367
391    191
268    260
521    271
473    327
569    924
576    181
59    226
472    123
592    20
385    122
336    186
358    666
429    85
276    356
503    134
437    301
361    213
495    650
177    64
195    93
270    1009
594    237
561    62
401    655
293    70
344    298
59    529
543    385
173    306
393    1210
499    202
472    370
416    433
600    92
470    288
577    15
294    546
125    176
548    619
181    111
40    270
348    368
443    644
378    476
81    405
496    480
342    535
29    661
561    1024
586    281
3    342
552    760
116    288
561    163
311    1119
597    824
207    239
600    1110
290    97
421    674
223    333
467    93
65    735
89    100
497    395
243    86
293    50
392    288
264    1009
250    325
536    199
151    492
529    269
255    147
603    174
226    191
437    566
145    563
523    269
535    4
354    1511
237    180
379    622
601    181
432    100
484    143
99    405
85    664
383    315
455    265
437    70
392    248
608    490
283    820
201    514
195    678
588    227
370    923
214    249
459    15
304    278
378    300
350    258
437    651
539    367
27    118
606    241
524    474
249    462
152    1053
383    517
69    50
548    649
453    318
87    204
354    93
77    175
543    194
601    699
610    315
332    405
488    8
130    403
49    98
556    132
82    820
374    1051
144    135
72    2
51    203
504    38
20    151
428    305
325    269
394    1
327    527
85    485
110    2
344    14
468    257
411    732
566    727
618    185
608    65
535    505
23    185
207    742
536    49
573    69
368    11
618    93
21    443
569    287
158    450
535    1166
416    161
399    977
60    602
504    97
252    475
452    531
425    357
379    204
186    880
272    604
435    168
465    134
536    724
429    508
450    414
399    738
174    147
423    313
482    876
241    346
58    127
48    479
99    238
137    385
220    995
407    97
378    227
417    326
497    578
453    157
274    9
271    79
497    405
585    863
537    762
308    294
358    582
450    692
94    432
561    218
5    151
500    43
543    371
518    696
622    756
591    382
512    527
561    661
385    305
72    25
303    195
592    1008
87    824
535    813
455    627
624    278
465    656
303    443
620    1043
543    516
551    748
410    315
562    418
411    50
493    127
70    204
290    318
450    66
399    622
577    845
286    312
582    826
527    87
221    282
239    634
51    479
43    276
145    312
500    1226
268    53
178    783
479    210
536    227
59    581
344    124
429    671
332    234
524    29
312    663
538    238
234    517
517    597
276    421
7    429
331    682
497    187
297    185
393    29
457    8
429    387
346    250
450    136
388    333
109    531
533    14
318    739
385    675
186    203
152    692
344    316
267    31
472    588
541    196
293    492
276    658
26    1011
109    82
297    151
380    1113
308    825
18    613
479    282
268    204
221    469
450    490
504    579
378    28
416    658
23    432
605    15
546    56
590    244
109    88
303    762
305    202
581    847
342    873
496    532
31    299
402    1101
60    411
108    252
64    340
414    258
459    333
441    405
148    222
2    306
565    855
445    276
324    827
488    208
130    1028
618    778
627    281
399    508
464    748
59    491
249    294
592    303
439    285
639    88
634    273
524    530
606    11
394    763
352    302
577    561
98    428
533    603
554    86
412    276
407    436
184    1148
307    28
630    934
535    478
407    159
221    1185
474    15
381    151
2    25
614    411
590    1017
306    111
510    678
487    845
512    302
546    895
577    595
333    186
533    597
458    1011
585    639
288    520
560    136
346    318
600    176
503    479
286    433
207    735
102    228
23    174
525    25
618    12
349    1128
193    280
417    944
541    82
577    225
210    153
290    271
500    246
141    250
312    837
267    720
455    125
537    491
459    291
169    258
474    83
435    246
91    31
628    168
67    105
44    423
83    755
551    354
215    237
328    684
629    58
303    379
13    850
573    632
137    89
250    558
85    168
487    174
640    173
478    111
459    264
542    479
174    31
60    546
253    1468
606    756
542    73
1    181
493    258
413    270
195    313
74    294
85    631
59    654
595    129
504    537
624    272
7    234
473    275
244    169
494    427
62    405
427    359
600    228
634    286
56    97
489    989
621    293
391    491
26    121
563    254
109    98
308    367
626    324
593    66
198    1245
459    148
576    237
650    517
487    684
599    928
450    121
72    792
271    190
638    50
615    640
551    527
551    98
589    271
548    315
422    665
561    98
254    622
457    655
394    540
207    748
73    213
235    318
317    879
437    137
43    588
276    281
110    684
435    167
533    23
481    190
397    423
524    97
645    179
346    363
462    315
210    393
644    294
592    334
622    168
632    419
520    242
81    619
360    64
653    164
213    182
64    434
543    187
521    258
71    282
539    481
465    478
374    98
559    427
444    275
328    8
569    237
279    751
187    736
551    12
343    3
92    1046
151    661
279    425
507    879
627    649
560    1333
130    763
592    533
632    58
436    723
363    511
532    1221
384    300
647    326
525    111
69    237
552    222
225    604
627    549
221    346
44    99
483    197
321    604
345    234
342    135
190    310
298    143
7    527
654    318
428    338
548    117
311    684
497    185
403    370
308    531
655    670
532    148
200    161
293    715
328    449
218    269
593    71
94    1073
366    671
23    19
361    707
525    252
621    1118
280    155
416    73
342    756
417    625
276    367
313    193
610    402
655    224
381    487
374    185
327    1070
502    678
94    81
7    503
401    659
406    845
567    646
437    185
280    393
655    179
643    484
295    65
450    965
653    226
612    15
450    651
515    682
201    218
279    679
463    107
115    240
528    523
451    301
69    7
118    201
477    778
606    410
90    234
559    318
279    1012
648    1050
264    116
389    923
239    1332
26    591
226    89
492    286
361    79
324    259
324    475
299    730
499    272
645    1018
296    111
474    211
592    705
1    109
586    651
642    1178
13    299
642    552
371    431
303    22
47    874
267    141
534    619
234    845
94    735
542    195
526    343
458    651
279    301
398    430
479    183
495    151
517    1
13    492
592    546
472    1090
399    660
514    713
461    285
572    476
472    485
531    327
236    934
343    4
231    597
577    58
618    762
538    735
545    413
401    515
328    204
496    164
49    324
320    204
493    171
468    144
588    110
382    122
332    845
474    215
398    194
345    639
363    22
11    430
122    469
410    316
452    521
176    298
551    402
58    651
577    1209
56    395
593    9
660    184
552    117
479    274
566    461
65    215
388    508
525    596
650    95
344    203
363    408
263    588
606    660
614    410
514    792
610    143
579    303
505    164
58    151
565    70
37    96
104    270
159    326
378    977
487    17
286    739
615    194
246    411
573    162
413    471
495    228
368    98
363    660
425    310
450    169
609    304
184    664
18    197
619    288
313    735
409    285
332    122
537    170
585    1485
268    1073
485    319
416    1054
674    127
494    222
548    443
629    317
389    471
551    230
313    744
380    258
305    282
495    684
59    106
65    73
628    938
162    403
350    179
395    15
537    265
328    685
603    183
113    255
132    1154
416    187
252    286
535    921
577    1271
435    394
593    220
148    474
343    193
354    248
549    515
666    4
496    825
385    235
535    133
230    223
135    321
303    150
437    180
43    12
655    1319
616    299
178    124
184    165
474    699
537    65
298    153
664    514
313    503
457    304
23    479
13    568
541    50
376    321
514    214
655    1007
212    645
493    693
543    566
136    9
532    26
537    307
145    352
58    655
268    636
671    250
387    1129
452    603
472    183
301    97
466    79
634    100
643    89
537    489
198    581
151    97
109    202
436    655
608    144
542    175
112    272
214    508
533    100
592    461
577    1033
443    340
659    77
665    476
550    50
52    25
499    357
661    178
487    686
586    233
115    654
2    311
644    307
624    881
650    637
567    168
360    933
661    443
524    568
577    939
650    507
342    965
128    465
421    144
234    496
630    1047
263    482
474    605
660    24
639    387
527    238
624    628
472    12
274    628
396    9
299    202
667    651
586    144
693    181
276    51
500    619
535    56
516    250
608    76
426    427
89    50
647    222
222    219
221    576
339    449
688    288
344    864
450    264
619    313
569    9
581    813
178    77
432    471
548    39
514    132
566    80
495    435
658    433
437    207
655    1016
90    208
535    166
620    246
664    79
484    204
328    549
669    257
618    385
189    863
406    123
59    679
463    473
295    809
561    679
485    330
577    63
587    339
479    318
694    1050
396    245
72    1147
13    39
593    183
677    148
634    508
486    935
543    518
597    264
416    1262
650    238
91    601
611    896
9    242
299    402
92    363
337    879
632    184
518    147
653    448
457    1039
671    23
582    3
270    582
465    32
429    210
12    416
435    31
595    151
568    509
94    951
85    132
533    1016
299    970
666    529
397    855
627    1136
40    321
654    825
524    403
543    170
627    83
141    871
373    510
634    748
393    696
708    322
457    94
437    699
184    1
56    373
707    663
474    208
450    166
41    168
90    218
533    204
498    514
498    887
643    181
621    268
159    476
266    321
524    930
550    121
401    566
665    298
8    227
121    156
619    50
269    508
92    583
624    876
235    462
711    421
497    731
638    238
158    1067
506    68
654    294
503    275
463    1197
581    181
183    228
576    257
416    27
325    1149
643    235
49    171
189    178
537    1451
592    121
248    1
705    622
472    576
519    332
463    268
234    13
586    254
380    570
561    614
566    959
514    215
320    89
648    385
152    173
38    409
661    1045
393    84
327    86
248    180
653    405
642    249
577    210
387    774
60    9
177    258
311    755
667    1101
573    178
399    628
551    70
640    4
363    69
627    434
682    1428
293    192
668    354
437    739
679    181
586    237
711    684
10    69
659    402
288    651
571    64
588    154
472    69
90    836
678    111
77    132
543    24
63    713
346    211
94    201
600    450
465    169
249    258
593    159
548    292
379    56
294    879
521    28
503    603
608    275
639    66
660    603
458    195
561    430
711    720
344    709
214    191
207    242
342    319
455    69
659    566
311    56
627    92
552    243
308    1135
379    566
453    122
676    181
339    81
719    659
664    223
411    435
374    820
718    756
684    186
537    782
655    1226
344    4
712    97
291    129
722    546
244    126
487    216
311    186
716    194
596    313
660    125
51    655
197    879
487    578
426    648
682    742
504    65
482    315
97    23
378    775
62    402
567    430
44    222
407    226
622    408
566    240
567    675
416    476
721    289
666    302
694    671
595    844
487    727
721    333
514    486
181    476
398    756
660    132
334    740
642    597
719    291
693    25
711    343
643    173
497    225
18    223
62    1077
727    117
472    63
6    268
162    79
680    248
299    513
466    346
693    432
521    191
711    483
416    707
450    197
164    282
567    811
654    56
600    188
102    200
339    939
274    258
722    124
630    255
621    333
627    121
588    602
201    637
268    257
658    718
286    946
234    473
23    194
703    293
711    1466
121    135
721    403
184    492
592    483
429    468
483    274
89    181
711    137
56    144
643    49
665    127
311    581
450    807
474    685
618    117
76    6
235    153
468    191
592    221
504    88
547    332
514    156
370    136
235    1
184    655
109    161
618    692
373    202
313    28
688    332
100    258
625    647
454    526
553    136
301    68
528    210
554    222
721    305
527    169
234    44
308    151
328    229
293    121
234    172
254    416
138    137
711    488
716    663
659    393
705    385
734    204
268    223
26    148
90    59
638    234
586    181
664    268
523    634
21    656
620    975
659    942
429    961
313    63
653    214
715    73
65    1044
222    180
13    87
67    235
689    597
459    1115
43    550
624    1028
490    181
160    276
103    181
606    925
711    707
201    473
377    194
537    1045
512    56
691    56
694    22
747    25
680    274
499    50
450    1435
749    125
682    327
215    180
738    196
573    10
233    293
279    1488
85    246
549    100
207    546
347    76
339    485
561    980
545    742
712    812
564    300
632    402
184    170
739    69
207    82
480    1007
743    273
676    117
738    151
581    224
488    357
605    260
268    1188
117    7
579    326
345    461
453    49
8    96
660    316
5    447
535    609
666    187
185    321
648    67
413    936
339    719
692    100
690    163
201    1192
624    678
247    750
234    1221
7    141
716    23
452    518
17    919
586    541
298    523
627    239
749    31
373    496
703    7
469    511
500    118
635    276
268    1118
399    1217
611    286
699    825
536    474
256    628
380    357
498    447
588    83
481    86
756    603
416    200
298    88
495    768
551    188
537    625
276    1
318    196
410    690
551    55
23    541
622    233
588    588
745    425
411    56
672    476
532    44
533    205
146    1293
458    203
640    751
618    176
650    82
532    925
387    22
561    183
7    606
292    491
610    117
592    479
716    133
741    69
457    257
749    406
43    367
594    319
716    443
393    5
344    494
535    1136
436    182
670    15
535    1045
449    248
658    844
608    61
500    204
694    98
429    493
94    194
303    93
588    658
692    412
705    300
654    124
462    272
696    312
128    1053
619    879
620    423
705    932
655    772
757    7
641    484
398    399
566    202
374    467
629    87
751    316
314    790
13    199
474    207
376    154
534    3
514    173
676    172
303    282
599    948
495    385
12    98
758    587
524    124
383    1005
676    245
500    964
537    975
60    1125
332    833
293    510
767    486
551    195
417    640
450    530
23    655
622    64
750    331
324    292
431    690
344    269
605    276
662    93
501    845
490    302
16    158
554    125
252    149
119    252
738    210
768    173
328    956
222    393
189    661
436    1058
346    3
716    491
545    379
665    315
648    929
765    285
426    178
233    504
176    508
715    239
554    218
665    185
600    172
244    710
429    642
655    547
255    335
654    109
154    258
399    470
227    13
586    676
749    622
642    1036
60    1060
746    128
533    823
548    237
537    59
591    451
495    188
561    644
440    736
745    519
532    946
666    11
543    1555
620    416
347    928
551    186
545    151
576    323
627    196
694    448
332    313
470    471
719    742
450    716
726    819
677    307
615    319
605    288
128    274
279    170
501    369
629    81
279    288
613    1
377    272
387    580
472    122
654    71
428    268
560    496
580    100
224    157
711    1285
110    333
59    705
435    125
73    187
606    419
643    23
764    742
221    391
377    168
523    301
180    747
473    124
621    176
291    636
92    1074
721    157
771    88
709    82
715    926
721    357
447    123
503    166
734    210
472    64
687    678
717    302
459    523
758    865
327    108
721    699
495    204
257    121
42    467
176    881
615    187
788    723
766    483
152    143
608    499
788    23
498    381
680    98
308    61
773    229
628    288
679    73
250    418
621    125
671    510
299    194
782    1600
399    239
334    164
772    898
790    1074
323    222
771    258
532    24
417    809
6    519
701    750
406    499
680    169
593    173
332    118
574    333
610    735
454    293
622    214
305    408
542    789
601    107
347    686
621    825
763    286
600    449
642    722
659    448
630    118
622    294
62    81
280    226
442    234
664    286
721    393
109    367
71    744
707    1007
323    294
533    230
570    305
13    473
452    135
758    427
538    181
542    427
437    842
735    744
524    1553
456    506
786    471
538    234
644    261
437    77
602    257
85    845
622    679
496    109
648    510
371    194
545    373
771    242
736    246
453    693
76    270
495    386
721    300
249    409
506    94
417    294
450    443
546    590
672    25
537    433
87    944
774    644
660    117
604    184
325    182
474    356
373    50
303    569
474    23
506    161
664    149
470    13
417    260
20    274
798    1
660    208
664    175
328    133
745    174
733    19
798    998
551    924
648    254
645    963
543    1014
250    175
507    319
468    42
514    229
642    138
389    671
343    197
275    470
236    133
442    209
682    240
705    373
640    568
756    92
92    47
275    450
119    354
216    56
580    687
780    199
588    778
537    20
740    322
405    728
615    855
796    154
253    1039
537    1103
405    29
618    70
758    69
34    990
303    187
159    456
389    197
777    216
735    25
140    304
745    8
500    217
675    258
647    993
201    972
643    99
638    510
641    268
342    496
772    879
320    825
193    755
523    430
397    181
487    652
710    1039
96    144
790    174
504    99
585    10
301    162
796    431
528    173
690    281
625    403
312    1192
56    596
795    502
387    679
122    1267
788    639
342    192
532    315
447    498
553    520
291    670
484    699
59    32
608    475
554    595
381    418
619    385
130    179
109    210
642    862
406    277
645    430
487    176
661    28
624    150
793    824
533    1147
774    179
794    475
276    173
347    156
303    386
639    510
695    346
499    198
792    124
768    756
643    790
214    496
790    123
749    69
782    294
372    595
736    248
659    739
605    597
743    311
536    408
489    1280
561    203
355    288
523    210
804    192
379    173
493    300
537    346
763    275
648    202
389    1050
625    257
417    783
521    31
807    250
600    181
436    763
708    748
268    562
634    125
539    962
642    755
543    576
815    944
688    754
381    509
673    328
747    135
290    28
184    301
561    196
627    636
221    809
548    678
655    1223
216    238
709    860
474    709
751    56
746    550
704    1454
788    54
787    292
620    820
684    386
720    749
674    1
313    588
342    461
804    81
698    220
804    609
757    217
629    381
627    423
773    238
709    470
771    91
596    181
721    732
746    157
305    1018
541    418
264    201
537    234
416    378
796    174
642    153
95    257
56    87
567    234
554    71
270    943
522    543
334    1504
782    1279
655    631
804    385
715    265
417    1016
537    238
699    118
528    69
16    448
679    56
807    271
523    722
259    65
619    665
304    763
271    625
731    1269
629    319
92    566
674    125
393    459
393    1035
577    55
747    28
452    183
454    385
5    431
735    332
632    432
543    211
721    196
588    362
450    900
732    690
554    215
291    84
85    1171
751    62
548    751
276    25
736    257
798    839
770    25
429    378
796    746
7    671
459    172
599    845
682    699
666    28
279    21
389    926
679    204
804    128
782    243
609    408
537    480
318    307
234    1063
836    165
374    23
583    55
765    127
559    550
561    181
712    386
694    393
318    8
588    655
494    528
721    194
593    385
428    259
407    588
42    50
437    521
780    97
721    875
648    187
255    872
839    237
585    529
64    271
773    175
661    161
474    385
428    286
655    195
757    22
661    70
406    655
450    269
379    194
437    378
83    566
358    179
767    100
766    447
741    98
683    588
668    257
392    189
818    316
693    483
1    48
101    846
425    362
504    298
451    325
497    175
474    628
666    945
823    33
642    49
601    132
114    98
280    1114
792    21
807    498
694    520
788    237
608    462
387    385
563    403
527    153
682    358
804    87
363    675
293    317
636    313
490    919
717    471
804    33
698    507
788    447
694    632
186    1033
201    96
533    257
749    280
399    543
712    421
830    82
750    269
715    455
567    1022
690    742
393    1249
684    781
682    4
524    654
676    916
771    289
606    652
684    252
235    207
735    269
566    403
746    181
606    1151
406    170
842    362
666    134
344    273
495    449
645    447
307    196
712    202
173    332
837    845
700    180
642    465
334    283
715    117
613    514
747    163
405    501
326    378
286    202
128    685
710    182
823    48
643    162
773    268
622    222
92    210
807    946
374    39
828    57
577    436
711    222
683    62
344    478
711    8
632    183
823    144
1    195
766    318
200    243
745    188
828    971
564    181
636    121
362    332
642    404
334    337
693    215
301    219
798    403
749    182
769    258
843    615
10    478
788    183
647    403
94    658
393    623
815    603
828    269
647    213
207    223
23    216
634    922
26    252
804    1178
96    183
442    204
639    57
770    282
727    684
557    253
351    882
758    1159
643    1012
839    257
600    231
586    204
791    328
848    32
815    405
763    127
790    1119
749    132
378    275
782    1394
711    257
670    511
814    559
847    288
399    102
543    730
190    546
320    147
521    186
435    679
618    69
851    693
734    83
766    482
802    445
695    305
640    22
650    79
400    269
824    678
788    82
642    225
606    845
635    327
843    636
715    288
230    100
489    332
641    242
506    568
254    167
238    405
856    879
486    1
563    70
357    407
658    488
422    447
643    211
607    212
391    148
476    56
794    557
399    401
775    269
487    588
833    1214
676    64
216    763
397    210
843    145
860    4
743    879
716    526
496    147
806    24
648    145
826    684
61    269
612    275
665    9
561    480
436    327
841    331
755    302
524    414
606    129
577    468
380    651
850    202
625    498
45    7
518    121
625    655
183    94
297    156
712    623
795    184
775    272
703    237
663    742
458    283
254    142
773    100
416    699
514    211
275    448
437    450
830    633
301    318
588    1469
573    22
532    191
313    489
619    295
627    51
682    720
711    216
551    802
859    25
810    326
249    2
846    601
790    708
119    259
610    183
704    657
117    265
804    403
65    356
773    14
624    295
679    70
837    628
843    449
863    1294
738    511
772    313
686    12
579    582
262    418
489    1613
848    480
437    292
825    472
293    285
342    320
840    737
417    164
811    294
587    313
554    378
783    260
416    418
137    1028
805    582
699    111
710    269
344    311
876    294
716    478
234    45
690    1042
831    340
864    708
655    181
835    216
663    710
645    673
285    194
707    1251
470    286
652    538
457    91
102    117
781    64
608    606
263    465
680    25
818    328
811    748
753    50
648    179
763    162
799    499
293    693
577    399
493    168
712    378
268    79
821    64
815    199
537    970
506    430
389    477
561    952
543    198
867    135
795    265
91    205
523    95
196    1022
625    286
421    879
194    211
435    476
880    824
207    158
711    58
846    433
815    215
848    318
786    172
640    428
664    319
682    1035
292    117
686    467
880    398
276    80
537    490
401    484
165    328
822    333
870    521
837    283
683    340
588    68
705    79
447    55
184    473
376    603
162    7
618    234
232    690
495    380
864    1531
741    273
181    411
268    188
844    228
508    1067
200    609
545    203
145    546
823    471
435    96
44    427
188    265
629    111
206    332
60    134
519    340
776    474
6    497
689    328
864    526
771    313
648    185
881    550
684    117
655    724
880    295
796    186
455    44
10    192
624    831
592    655
880    833
854    15
553    367
680    273
22    732
514    384
326    505
85    313
716    64
627    288
815    202
655    233
7    615
524    449
491    286
164    678
60    517
825    174
770    151
810    333
751    257
457    193
222    246
881    180
846    8
596    276
843    474
64    111
92    38
848    419
642    832
406    528
877    949
811    258
881    49
128    501
880    54
877    271
881    204
429    1118
474    939
610    582
222    470
666    505
878    659
844    1474
854    1077
821    15
859    276
851    31
788    200
697    876
747    923
735    124
838    249
435    790
207    316
880    508
871    1197
668    538
883    135
591    25
773    792
618    609
611    752
189    742
338    498
551    468
291    774
429    214
642    202
270    86
620    623
843    97
741    290
291    1248
738    89
884    9
383    479
428    886
200    951
682    67
250    234
690    496
130    95
243    285
298    210
782    258
647    231
230    22
886    819
552    1047
382    482
15    125
416    1189
505    190
704    632
452    530
831    100
474    657
848    151
290    135
663    872
592    178
477    294
886    68
654    239
298    333
768    591
458    736
796    487
413    286
489    339
851    588
618    735
889    762
798    66
592    544
655    653
851    307
894    15
771    1129
747    1456
748    237
749    87
664    50
551    7
65    64
761    235
417    252
731    69
802    443
7    379
815    596
865    169
537    382
784    754
406    507
749    808
296    483
814    448
871    747
852    820
524    693
763    70
361    70
835    526
417    17
453    515
1    203
561    1131
451    327
693    1135
796    196
655    655
867    524
336    367
328    939
889    1589
356    312
311    210
804    972
634    222
248    98
835    215
555    129
91    511
645    239
889    886
882    105
249    407
883    882
846    739
870    487
814    443
777    521
853    879
894    269
383    205
469    199
664    302
423    307
890    181
684    168
880    597
451    330
524    241
727    246
890    163
233    127
658    86
554    1012
450    114
387    430
537    1005
561    86
373    80
374    756
379    96
780    511
889    381
23    367
305    729
385    855
827    690
749    322
343    410
892    432
813    988
221    1098
840    79
705    826
763    144
848    165
339    655
840    531
699    340
717    280
894    845
712    729
830    313
595    222
738    161
670    611
846    232
543    423
693    79
851    132
442    410
379    381
545    566
401    471
514    216
112    310
655    1268
880    578
456    461
63    259
406    132
233    435
881    88
864    1135
881    642
871    781
608    603
840    513
655    644
108    7
735    286
833    552
645    772
741    403
637    225
891    591
903    100
758    185
553    1126
524    228
601    230
442    150
453    354
292    150
655    356
845    269
879    151
868    474
892    127
807    140
653    56
885    866
798    825
751    945
887    473
881    98
634    595
512    286
674    222
200    9
561    1170
250    55
756    111
864    951
711    747
379    428
399    223
361    186
826    403
744    657
881    924
334    529
867    195
554    289
889    568
804    419
650    427
56    114
506    271
747    631
875    582
749    160
880    1002
434    288
389    820
502    288
551    357
303    1046
453    508
844    625
825    926
606    234
885    186
560    483
59    265
99    1048
169    443
493    234
478    591
499    425
90    242
826    946
537    964
870    504
416    803
796    1041
423    127
234    466
742    237
639    135
429    972
823    180
586    779
54    240
825    176
850    15
577    742
524    98
307    222
844    431
833    325
576    276
880    235
727    1244
514    111
593    133
886    472
823    92
10    709
790    436
897    928
834    151
416    1221
600    771
910    182
847    474
399    769
337    392
561    171
749    157
846    378
603    747
603    751
882    476
338    180
817    328
805    25
325    737
16    199
782    535
577    237
222    99
798    821
751    742
828    190
787    331
607    275
854    270
594    242
650    272
493    338
542    763
747    672
502    271
312    178
877    732
354    1466
201    506
808    262
276    71
790    1048
643    1065
315    303
727    157
889    7
624    300
864    511
343    203
914    197
682    685
795    826
880    546
188    684
922    210
449    14
788    318
844    258
321    491
454    48
210    222
924    96
130    347
855    1021
899    751
109    25
92    702
838    206
928    98
854    200
798    1425
823    153
924    174
707    953
655    642
99    310
913    92
22    250
374    288
727    88
738    176
679    28
927    294
701    690
822    1240
57    845
342    293
128    496
908    98
889    175
921    8
709    203
326    550
823    188
629    23
835    1673
487    783
626    272
218    603
802    657
788    614
128    702
747    887
66    284
780    79
158    518
321    493
642    783
749    89
328    159
551    636
853    328
145    310
897    194
790    940
804    929
505    313
447    13
756    473
178    684
792    13
864    216
804    212
653    168
903    181
437    221
798    560
44    520
666    169
730    258
854    488
933    317
900    474
523    1047
420    173
399    302
846    780
919    887
825    12
846    1248
758    705
885    91
251    125
940    193
916    214
378    949
616    343
749    526
831    31
892    144
925    5
774    241
587    358
640    461
847    404
610    185
394    252
940    655
831    316
593    288
932    55
896    481
556    340
527    427
450    96
805    631
942    604
74    508
645    186
826    678
407    204
892    95
887    91
850    121
184    313
795    214
916    81
454    283
648    161
673    327
932    1266
222    67
738    64
524    715
682    943
854    129
332    41
882    225
921    932
256    381
370    137
508    47
450    389
815    141
922    202
795    477
840    257
883    549
654    143
462    326
701    289
864    747
344    431
682    179
458    204
536    778
734    191
655    458
446    307
536    79
489    885
655    467
608    204
13    903
643    674
805    106
269    604
720    286
792    1
719    58
451    335
854    483
580    147
890    427
826    449
903    1008
618    159
913    265
921    720
936    818
716    22
788    620
561    194
505    123
786    423
896    182
889    1006
453    85
311    496
880    140
479    480
864    137
425    190
405    4
654    381
894    1315
942    487
887    871
889    952
711    272
799    690
852    405
748    425
4    359
764    280
807    121
919    937
621    879
806    82
588    1061
783    872
508    204
450    181
897    588
95    431
90    156
804    411
711    959
166    688
92    732
855    531
735    245
385    198
916    1113
805    269
796    821
795    403
627    180
903    521
647    203
802    567
503    13
850    480
130    373
756    71
897    455
889    455
579    435
825    984
664    1109
864    44
894    326
918    137
835    23
560    928
638    168
112    333
181    333
505    69
644    457
436    81
498    109
832    258
764    220
730    7
102    11
846    609
759    275
904    778
758    890
734    275
717    831
835    357
916    655
409    1512
804    237
882    496
561    772
758    184
805    1017
910    293
625    216
815    433
817    24
76    1154
686    435
324    285
854    244
472    222
305    86
929    188
564    245
939    258
472    125
709    53
825    116
890    515
880    22
911    383
904    421
493    806
642    622
661    135
936    106
861    584
682    475
792    1047
918    645
840    443
796    272
417    780
919    327
486    301
271    148
830    15
70    655
321    173
874    276
145    240
666    147
882    427
271    649
804    23
709    172
854    257
548    17
715    248
569    298
898    683
567    514
577    240
773    145
697    591
749    932
655    1635
648    250
628    1296
725    286
385    2
868    412
896    196
709    808
539    319
856    749
894    691
896    942
787    1433
796    510
361    194
942    313
552    127
804    423
119    7
450    336
710    333
571    45
290    234
180    53
363    239
880    1296
886    506
655    18
922    290
334    209
831    317
487    559
747    524
671    22
919    15
753    286
881    218
721    261
655    735
843    209
452    501
495    182
655    1068
659    197
234    724
883    174
889    879
851    157
855    45
670    135
458    1
918    28
760    288
547    319
110    63
506    566
798    1297
868    475
896    168
942    511
162    826
194    265
683    300
934    315
936    111
778    186
615    528
721    455
429    530
648    83
580    343
486    16
846    202
666    478
792    151
793    257
655    276
556    209
919    318
655    896
450    190
798    709
886    451
798    204
778    150
825    248
901    568
429    510
632    845
592    343
664    529
907    497
324    340
872    864
889    597
863    751
314    38
933    215
488    144
890    134
249    50
448    258
660    485
903    1073
894    515
683    317
748    64
733    324
343    157
664    57
738    527
747    14
919    582
585    1155
911    99
297    124
334    71
253    121
913    588
788    562
600    665
306    303
11    737
875    1073
678    742
924    1011
763    47
455    620
216    27
595    273
921    79
16    591
932    1512
243    367
178    410
792    597
407    747
655    128
592    357
577    708
564    118
286    413
766    216
841    873
524    704
16    732
916    91
682    696
542    282
543    183
834    475
854    24
717    300
916    721
632    527
13    127
524    259
211    528
690    1273
26    284
354    710
207    393
936    250
725    9
838    455
731    606
881    265
764    218
916    1109
826    195
806    56
619    176
145    436
610    70
535    276
72    1051
884    258
848    732
916    530
665    134
930    245
908    648
567    387
717    888
618    7
579    382
554    328
158    648
537    61
689    596
677    300
712    627
903    98
515    294
639    483
805    331
804    1170
393    1270
683    272
625    174
622    781
457    284
694    118
621    588
752    1127
883    137
869    269
432    288
624    117
890    637
122    357
918    190
666    195
916    134
660    403
747    875
925    323
854    69
793    293
728    304
919    1012
907    198
699    50
274    629
924    202
709    1218
870    641
757    175
5    455
459    105
586    218
504    185
215    181
654    291
135    554
815    163
537    508
930    283
908    479
778    200
178    283
10    589
507    252
666    116
268    37
655    1161
519    1238
880    625
762    955
900    124
655    942
922    568
710    185
629    196
924    277
924    228
905    313
49    301
891    717
666    1013
875    481
336    294
630    123
833    68
387    521
601    173
716    660
588    239
291    64
59    515
622    248
798    377
940    751
454    471
216    496
664    1098
933    179
889    185
148    969
846    505
607    435
943    181
690    294
916    427
622    8
167    1200
901    234
537    174
371    127
119    124
655    1107
625    283
281    323
324    310
119    64
342    149
417    49
76    182
751    367
660    174
690    238
13    619
681    990
514    12
719    64
472    252
934    121
35    266
275    229
721    582
693    521
655    1084
642    173
825    250
666    98
90    209
472    67
436    840
921    1034
57    988
910    508
560    151
707    381
878    481
884    475
659    70
845    909
405    1041
25    121
715    28
608    735
918    64
932    489
287    64
747    1134
811    307
159    591
894    471
858    690
26    751
481    663
659    479
877    203
835    294
798    1469
648    205
90    1192
514    24
416    302
716    185
926    288
334    187
918    606
286    123
325    176
634    109
805    719
533    215
691    500
749    357
587    289
620    243
932    175
889    95
902    304
677    742
835    423
671    455
906    10
519    879
734    603
303    121
13    916
223    873
690    56
301    658
756    230
602    880
921    274
725    322
648    449
458    433
48    1063
130    123
288    176
922    471
741    174
747    190
514    89
565    190
941    993
306    1251
131    297
826    176
508    183
686    265
871    876
665    151
696    311
860    316
877    258
846    570
652    96
591    709
889    12
303    147
298    357
458    513
714    471
883    873
707    318
201    603
298    187
875    461
615    100
577    546
223    155
826    226
500    295
363    150
151    629
615    191
904    739
193    1407
615    192
639    286
545    28
290    402
940    89
676    546
897    660
591    64
694    135
804    498
886    475
221    847
890    527
932    226
778    28
87    252
757    742
868    922
462    539
460    124
551    587
762    270
916    48
884    100
913    222
764    405
807    199
435    193
429    582
763    230
74    315
709    62
715    196
890    654
717    327
659    660
816    326
143    322
897    55
640    214
663    100
932    183
1    198
691    185
749    435
613    478
615    302
610    484
889    4
715    205
249    318
152    33
540    257
864    48
561    1267
269    1411
629    100
526    325
652    307
651    683
751    372
782    1385
828    283
881    435
862    831
781    87
593    735
932    194
606    1016
472    566
588    468
888    535
524    12
938    1014
892    265
766    577
807    79
172    428
94    1135
875    300
536    755
662    276
674    678
38    1016
596    300
712    716
57    50
707    782
934    664
64    591
821    117
435    271
640    169
708    1023
784    315
871    307
874    197
913    25
868    132
938    151
91    343
788    141
791    754
888    180
354    196
655    56
758    141
642    54
591    435
764    237
911    205
488    89
928    358
871    1022
7    69
455    200
16    202
795    174
618    73
568    100
906    676
378    323
738    179
709    427
647    496
751    433
605    12
738    173
796    409
62    72
70    79
689    300
714    117
315    137
907    628
527    431
718    289
773    98
94    587
936    50
703    1
864    578
533    121
805    558
645    708
763    168
500    1195
715    4
870    22
652    333
913    79
936    137
922    159
493    186
128    506
894    1048
748    175
731    14
783    948
437    475
872    328
425    301
349    291
796    153
846    76
429    226
800    25
758    134
648    21
894    256
601    483
450    273
788    755
130    802
786    655
640    315
488    97
848    971
586    1090
683    132
592    70
46    748
934    432
919    1278
194    1112
845    690
474    137
847    239
782    908
815    95
148    133
669    181
883    176
715    96
696    124
1    95
774    526
484    226
871    127
222    738
130    1220
852    681
758    124
932    98
790    151
580    619
712    172
497    123
588    210
864    202
894    1251
543    357
763    941
882    1444
154    185
143    258
751    310
7    265
733    13
850    28
455    662
913    216
764    1284
934    949
825    827
534    25
943    124
838    289
60    1122
851    748
12    238
733    258
599    278
749    300
796    467
607    137
774    178
709    97
83    127
239    463
776    282
387    531
159    293
621    2
846    732
95    739
823    100
694    318
789    248
555    319
882    566
534    1215
95    62
880    128
846    127
919    1277
655    1174
279    449
661    573
821    28
846    401
429    307
670    1099
44    523
674    255
586    393
471    393
627    402
929    32
756    159
786    416
290    566
605    408
1    58
577    550
924    82
629    277
780    318
498    509
933    508
889    50
200    288
840    526
389    489
666    760
864    577
747    182
735    319
474    654
806    257
788    1126
561    943
837    294
617    443
749    127
506    762
758    352
380    89
561    615
682    228
830    968
779    7
592    475
648    38
347    148
374    239
868    128
277    284
806    1018
894    245
653    702
869    596
761    840
830    498
935    148
804    576
479    490
303    805
506    177
830    484
804    358
864    72
333    127
680    203
184    276
406    661
838    114
826    258
797    269
591    182
897    234
776    618
822    71
848    610
862    70
805    352
883    323
427    268
635    307
854    188
721    97
786    496
436    470
807    473
864    405
445    902
585    1149
880    986
887    294
474    523
532    118
645    96
13    504
809    748
730    248
796    86
847    499
389    371
297    148
862    476
533    591
116    295
704    1299
753    523
935    864
504    791
870    1118
472    651
666    644
577    496
870    401
389    1
752    1024
880    790
222    48
907    8
788    326
398    684
690    357
938    546
749    101
824    325
679    222
752    344
825    1087
838    190
548    370
378    56
344    64
943    581
556    324
747    175
698    300
600    947
293    51
340    480
711    155
812    292
299    10
872    274
756    96
749    191
655    638
56    930
360    193
345    412
766    186
896    808
437    1267
629    392
725    301
372    53
906    117
682    876
435    479
833    324
524    96
704    14
447    181
846    56
216    151
91    662
892    58
886    1119
186    177
791    748
739    98
308    218
524    218
523    257
635    331
653    132
906    473
758    455
115    644
749    540
457    276
533    403
669    511
711    651
716    162
919    1
313    181
479    196
880    284
535    186
569    288
158    1303
942    892
896    73
593    742
504    612
886    1065
392    837
807    222
18    174
838    70
880    685
5    383
733    1338
497    128
585    1501
615    699
718    597
430    523
385    30
506    443
280    9
903    528
645    1159
687    294
622    257
592    47
772    748
883    276
463    275
871    937
920    292
694    141
854    302
642    584
716    200
280    245
716    209
880    619
456    367
380    179
96    514
741    209
872    905
256    984
558    9
526    285
349    546
458    1039
453    82
663    42
313    216
606    127
864    629
788    44
870    772
405    443
280    423
395    515
894    315
878    194
922    153
840    186
896    83
848    606
21    15
881    654
524    92
880    380
728    287
620    78
884    268
795    91
926    340
141    742
916    177
835    1063
805    451
907    283
327    161
776    483
666    653
716    210
721    942
894    903
716    294
447    50
187    710
588    178
933    151
733    273
766    194
763    171
617    653
886    79
690    148
373    170
844    99
489    360
684    172
455    463
642    734
870    763
880    779
543    469
862    96
504    292
911    93
592    298
533    739
930    237
264    430
880    477
901    121
456    1604
529    301
540    471
7    211
323    64
940    321
669    192
667    283
825    678
794    109
117    252
846    1124
707    702
595    1028
449    462
943    121
621    1185
862    238
655    359
870    83
551    54
735    321
804    238
833    24
396    281
655    844
839    813
913    132
896    143
747    367
802    358
851    266
654    146
632    201
749    161
826    578
669    22
889    174
755    258
891    111
815    82
806    1048
546    5
142    91
128    380
274    756
790    665
828    582
593    762
437    476
921    484
485    889
429    192
927    405
788    561
933    176
907    284
916    764
885    685
668    347
798    415
905    237
629    1038
603    228
758    652
707    15
372    844
67    273
894    1258
759    245
834    333
917    591
870    425
804    1065
479    471
841    306
919    432
592    427
458    137
514    265
919    323
556    427
846    391
109    476
930    126
872    117
716    237
758    475
650    271
655    1445
870    378
864    197
276    269
271    216
828    86
715    268
722    310
474    143
621    418
382    151
940    746
21    264
374    1194
610    516
837    328
863    331
716    435
654    596
663    328
591    1120
896    237
606    255
738    258
927    257
707    106
870    640
453    272
174    934
916    709
874    346
916    433
616    937
802    98
457    660
698    127
881    1028
650    323
916    72
916    96
840    202
363    180
826    271
303    284
625    95
632    54
805    636
585    275
889    13
867    1039
881    187
915    315
921    380
747    498
328    327
919    222
670    222
888    274
862    174
927    417
314    144
535    197
522    168
918    25
714    1014
804    982
416    1152
601    365
937    286
807    142
868    426
807    1409
836    210
847    1400
934    65
128    117
301    80
872    300
881    193
682    895
407    162
931    286
889    257
610    673
752    338
927    738
426    661
919    895
848    443
423    316
82    318
788    572
868    61
311    739
524    514
727    43
715    761
933    789
627    237
160    628
624    1010
933    239
618    468
94    71
587    916
336    949
55    174
854    25
450    47
897    1028
938    127
916    173
886    128
788    289
62    116
829    257
793    1014
608    294
803    300
450    616
790    269
798    63
864    109
64    172
749    273
777    522
313    229
276    332
716    154
715    56
423    100
531    1316
336    1118
647    82
786    208
443    307
655    695
30    135
391    291
837    222
267    68
912    186
840    190
717    289
871    310
901    73
700    202
917    100
624    312
558    100
899    566
758    1088
733    274
916    30
916    512
817    876
492    462
880    410
640    92
94    584
805    226
779    596
210    28
829    125
592    527
660    675
825    930
579    327
64    919
42    2
666    443
854    507
943    182
934    427
806    455
283    732
393    577
899    470
399    139
899    1101
354    512
848    109
889    436
882    185
916    735
939    742
835    486
64    356
540    343
436    986
923    222
890    195
721    282
393    684
466    195
633    423
864    1044
897    173
707    707
697    326
234    162
922    82
913    7
914    313
753    98
56    193
847    317
694    661
907    462
821    484
541    83
893    1012
815    686
764    273
504    454
823    58
645    50
727    627
645    653
815    613
848    520
299    503
659    214
575    318
796    48
856    286
762    286
339    92
16    135
296    898
535    32
64    241
716    630
270    563
62    76
782    181
873    342
878    14
548    431
833    163
922    579
919    238
642    91
699    546
940    692
931    685
807    144
406    425
655    793
478    1041
542    432
149    311
119    287
763    12
572    100
864    28
936    286
455    52
741    732
569    118
397    484
911    584
201    1
903    655
934    661
878    921
704    432
833    200
537    972
234    304
875    187
796    693
826    29
882    429
897    528
452    527
764    693
786    210
622    88
887    118
266    289
222    1145
677    117
892    576
464    479
659    73
600    518
621    790
874    751
803    340
843    226
216    97
664    96
870    497
632    485
815    835
749    1244
691    64
880    693
875    358
881    199
687    879
880    902
201    1208
748    657
699    870
500    425
474    606
671    451
630    866
566    136
871    324
622    127
790    949
567    152
806    79
886    761
943    1228
342    12
938    866
841    326
92    217
846    65
343    252
867    528
931    333
886    228
876    288
504    514
663    281
936    1202
234    127
897    203
846    806
922    421
648    294
610    195
731    603
536    483
840    414
741    357
60    519
852    358
925    561
864    717
692    410
560    1134
289    117
788    117
758    405
756    432
174    708
918    1266
919    305
704    222
815    1204
734    283
712    1220
920    307
532    917
791    302
804    402
694    481
524    131
417    117
932    482
848    163
880    356
782    1590
159    322
798    1063
943    172
753    304
896    172
498    238
883    170
236    717
712    228
846    495
776    200
918    1
804    1101
719    162
450    781
943    53
862    257
925    447
725    873
796    525
10    40
354    10
911    432
778    550
867    273
921    71
63    285
707    275
642    1054
766    178
593    1016
892    96
344    117
913    60
749    208
496    333
716    142
666    108
660    181
888    280
710    12
776    588
275    419
659    226
643    96
615    28
883    1131
881    143
871    359
534    824
893    845
663    326
817    300
782    301
765    151
869    298
899    518
924    433
494    245
855    171
500    122
880    27
715    85
198    151
931    471
916    863
493    317
864    736
884    86
758    229
577    588
456    59
843    446
601    228
776    191
659    121
907    268
749    200
276    365
650    898
907    928
935    286
907    123
807    930
721    319
256    100
851    303
671    452
561    11
816    243
864    333
748    172
890    523
795    62
715    125
846    380
381    142
843    300
276    33
157    235
233    9
247    100
452    76
349    696
943    151
910    50
848    141
624    410
741    1041
507    754
734    282
847    568
374    546
899    71
665    1028
429    697
758    209
932    636
578    313
894    50
846    67
426    489
790    22
870    55
733    245
532    229
537    56
924    275
805    140
505    951
932    675
276    284
934    211
896    101
486    473
671    7
826    1110
751    90
798    50
486    222
881    588
126    303
640    161
318    423
852    826
372    264
884    923
757    252
853    334
79    285
704    506
807    720
845    896
936    300
655    447
629    732
774    181
894    678
399    1042
455    581
766    172
634    866
680    517
881    105
578    751
903    664
347    713
932    528
940    12
851    895
868    433
907    1051
905    345
805    403
833    1149
911    216
795    1095
773    32
627    148
532    1483
880    209
790    1118
829    1121
746    176
605    526
621    108
896    735
795    919
847    13
862    89
561    201
259    546
859    763
897    188
830    451
758    350
854    357
330    117
707    482
495    1207
805    679
312    181
911    1060
919    117
897    521
665    471
840    654
722    823
472    216
482    294
896    655
893    476
551    760
506    484
755    538
1    13
622    431
897    1033
838    83
385    23
936    455
617    302
921    1028
643    187
851    1014
777    135
313    79
12    69
636    235
805    258
218    98
266    100
663    864
908    482
928    172
374    925
342    514
887    143
152    660
823    143
250    202
825    866
398    483
508    186
915    752
884    462
707    507
782    1670
864    194
676    286
650    258
781    172
929    423
807    393
428    310
393    315
796    8
273    896
870    382
933    186
567    489
883    12
622    172
624    282
846    432
222    223
533    44
788    172
934    99
217    825
788    662
882    99
917    248
343    735
815    837
794    137
582    313
849    118
749    226
252    124
932    1116
932    447
665    237
537    953
666    100
468    143
374    732
594    276
435    10
621    62
330    627
14    524
174    98
830    399
296    462
588    50
878    485
745    302
472    603
886    265
880    761
289    109
345    210
942    265
80    887
416    330
209    293
934    1411
541    709
880    234
841    1294
44    181
513    121
682    180
402    408
919    315
919    28
747    517
922    67
894    736
33    300
847    419
151    28
190    24
903    154
398    135
100    751
746    720
770    268
903    87
903    60
889    651
927    11
618    483
941    408
99    329
596    286
683    315
374    88
455    258
514    222
938    148
859    1008
7    309
655    298
677    908
758    12
710    173
459    275
288    100
708    676
670    483
664    134
793    106
655    1118
655    279
194    712
771    173
796    195
436    427
881    194
933    39
784    302
468    55
868    1240
543    144
455    736
798    828
363    1013
393    769
916    367
758    77
524    647
747    172
870    313
472    95
484    89
407    152
807    318
454    732
318    451
850    318
13    870
704    494
890    176
369    196
642    64
479    250
922    80
848    566
807    748
892    318
577    819
900    205
706    237
625    652
643    408
763    143
435    101
887    368
125    82
919    275
532    453
383    604
442    738
548    127
840    91
705    393
707    9
358    221
244    383
921    538
934    483
334    214
802    194
682    1153
699    1009
328    566
815    443
593    163
617    515
927    71
752    678
645    181
804    523
878    549
106    82
835    187
864    225
493    170
479    238
407    71
416    1286
468    161
929    204
764    318
847    135
815    313
122    1074
591    856
24    97
908    496
665    265
621    8
495    448
586    79
830    431
548    1
884    515
456    1551
935    255
328    38
816    300
916    69
887    289
488    300
126    881
650    159
704    889
338    169
146    286
823    136
595    547
221    288
854    275
44    31
709    233
279    823
727    930
682    216
692    1028
550    275
796    333
724    749
890    675
716    566
894    818
436    187
686    23
749    984
916    86
457    275
889    524
308    121
553    657
894    292
314    1297
10    610
933    121
399    366
671    55
880    403
577    200
834    9
682    332
932    496
891    181
14    588
798    1509
389    494
49    715
704    58
625    515
222    64
39    302
378    97
403    405
373    131
615    519
878    512
70    946
13    525
878    553
394    62
601    284
881    177
923    405
897    232
763    125
538    121
924    134
763    191
533    168
344    715
736    324
868    222
806    1
243    8
934    193
653    1244
796    88
314    322
889    60
311    614
878    111
615    283
391    23
934    451
916    11
723    748
844    175
585    198
936    127
537    270
890    69
655    673
932    203
336    238
724    332
495    441
919    264
788    203
332    974
494    663
892    31
912    523
806    200
496    217
860    312
892    1269
805    179
532    576
716    83
592    3
465    513
869    1014
826    2
929    654
119    471
500    49
695    343
894    639
922    127
653    441
940    508
904    255
806    1129
932    805
741    313
466    121
887    673
924    100
844    241
932    136
804    746
543    732
436    635
145    943
805    228
487    11
146    311
892    22
833    250
618    506
902    8
864    257
693    58
932    855
374    471
922    43
913    657
554    866
523    155
749    478
551    628
907    1047
880    191
843    234
924    237
886    47
499    100
939    254
386    181
897    76
766    550
804    208
890    603
881    474
537    1147
911    603
748    195
433    300
633    226
924    849
721    127
901    768
41    191
354    432
15    225
933    180
130    751
704    193
184    735
594    100
592    531
881    399
504    561
802    266
530    181
887    756
556    321
802    569
848    199
847    195
815    265
526    313
919    310
122    197
272    69
943    431
912    174
923    825
798    168
884    198
749    430
631    332
642    759
757    298
856    270
718    282
542    173
589    332
459    471
480    169
615    268
645    674
933    79
927    819
466    92
883    90
764    411
308    537
687    286
342    14
708    294
585    283
890    102
771    251
790    240
882    265
916    230
577    1028
504    462
243    306
858    1368
201    15
793    979
797    257
802    646
553    607
493    262
823    88
721    1
486    108
497    300
892    479
806    234
660    315
528    1254
671    504
795    108
748    732
925    672
586    257
299    45
583    200
511    340
18    116
394    928
896    124
660    271
743    181
416    655
854    171
120    50
533    521
629    160
674    410
49    1069
684    477
756    82
508    174
419    300
897    646
632    651
861    381
299    179
844    95
923    975
484    125
738    1016
864    79
159    9
892    181
24    276
927    229
913    15
890    7
644    308
632    51
77    42
905    591
883    216
328    176
795    2
916    382
747    521
393    1058
59    86
659    712
752    902
435    430
294    295
693    117
552    1
544    302
747    476
406    286
815    144
753    89
477    274
711    91
537    315
880    376
936    13
932    503
889    96
880    91
11    747
581    936
918    42
378    25
864    201
871    269
541    1030
535    277
509    271
911    26
805    213
776    559
514    421
305    97
829    105
838    1039
883    70
382    756
846    187
932    523
449    70
773    196
831    22
56    66
407    73
882    470
493    274
28    434
43    202
654    455
939    252
854    476
286    367
634    269
751    658
851    339
870    170
610    317
664    230
650    89
805    477
406    601
536    1050
916    640
717    245
435    635
806    88
921    797
848    430
308    429
815    588
721    228
398    708
782    1608
758    393
937    237
897    763
796    62
908    144
738    240
83    704
896    248
943    576
880    1222
799    1545
929    429
315    318
907    978
903    127
758    831
665    200
8    260
536    431
682    1478
537    228
887    71
887    609
876    523
892    175
574    311
883    241
712    96
882    501
851    930
669    603
100    315
371    202
924    129
886    410
883    490
904    280
894    922
646    328
389    143
916    710
622    178
786    228
785    995
726    25
711    97
420    285
855    638
913    508
363    739
529    333
907    366
188    176
874    111
280    739
567    525
533    172
836    357
798    393
52    7
334    479
659    486
44    692
789    628
771    50
833    641
840    198
406    217
52    288
429    1012
733    924
155    872
886    196
544    292
102    227
887    427
7    367
486    244
504    300
497    121
870    1020
653    160
936    1129
94    1101
296    209
897    187
712    419
495    1116
13    166
932    1
798    945
653    187
406    654
472    96
606    87
147    302
393    399
673    302
938    841
831    56
943    38
835    98
934    134
325    1140
867    690
844    257
722    121
846    491
237    286
198    673
766    712
923    248
308    169
758    1034
881    430
890    496
942    945
727    11
891    116
921    323
590    547
141    181
339    480
519    348
548    288
871    347
416    291
710    303
907    271
655    155
327    678
406    971
716    132
195    615
921    284
911    208
788    46
606    692
848    241
883    228
714    294
901    38
477    66
405    445
711    1190
941    1007
892    183
887    420
807    483
574    286
721    878
184    372
943    470
250    984
721    995
99    348
886    1217
478    100
906    408
82    582
588    7
833    11
864    734
486    1405
809    299
692    508
190    288
83    1049
742    591
624    1114
776    132
376    100
542    132
787    751
916    461
838    238
748    199
599    294
694    183
749    47
594    515
810    289
923    411
580    257
666    960
911    420
912    501
529    875
804    132
940    285
749    50
10    9
854    111
928    328
541    258
717    591
871    904
897    174
838    993
916    557
931    546
870    508
25    176
451    876
872    1284
577    181
807    204
826    260
633    159
897    523
880    5
806    169
943    739
10    198
913    318
773    232
710    79
838    313
749    636
835    174
931    257
577    176
563    566
851    979
936    287
646    750
716    204
