253    465
119    392
290    88
242    1137
42    423
189    512
225    480
87    1016
293    685
110    307
44    195
216    658
57    419
303    919
44    294
7    455
293    1267
232    483
83    234
303    69
92    172
194    54
307    89
286    143
222    118
33    872
16    705
1    160
308    1197
294    271
61    678
271    378
194    66
134    286
256    781
301    604
174    315
287    1
250    596
187    210
73    480
264    294
11    732
182    845
10    611
234    448
280    508
62    12
222    781
10    7
70    217
306    235
280    540
130    1246
274    845
8    22
200    11
286    153
16    55
192    948
293    423
126    294
236    57
90    506
90    258
306    287
92    121
216    55
47    324
7    200
235    70
42    625
25    222
256    86
213    133
99    1016
7    554
16    8
197    347
197    511
184    522
208    663
130    1248
239    9
152    685
25    501
83    385
284    269
78    255
291    376
286    44
274    50
196    381
308    436
199    221
6    517
262    617
44    258
136    89
308    174
262    64
250    196
176    324
158    24
254    230
110    568
94    651
18    202
290    208
264    70
54    676
15    222
85    282
125    134
199    268
121    14
246    239
210    274
303    426
215    164
151    929
60    208
295    235
116    255
95    1
94    1048
102    322
64    160
150    129
60    403
73    657
85    83
194    647
195    1014
234    582
116    942
32    290
104    293
262    821
13    59
65    196
32    1012
198    7
128    482
137    687
311    419
214    42
92    81
151    317
291    501
18    496
277    282
44    208
60    525
209    251
263    117
203    148
11    725
49    334
23    172
90    657
103    121
23    1006
150    221
203    181
177    56
92    219
180    737
230    378
77    195
201    1245
201    79
28    95
178    209
94    9
170    299
57    204
13    14
53    24
298    152
158    190
73    357
272    48
145    260
286    709
10    289
311    385
323    298
42    69
59    470
181    1164
325    485
121    509
256    939
97    482
159    685
268    52
97    484
308    298
22    79
7    559
178    73
62    464
75    409
233    99
189    1
151    186
174    471
314    1518
13    97
298    8
214    151
287    249
72    226
43    64
62    401
311    180
5    407
287    11
286    628
144    685
84    528
14    474
214    652
222    157
200    665
187    116
89    1048
268    83
235    419
85    133
90    526
204    172
315    657
239    204
42    456
90    603
59    855
38    672
130    161
327    533
116    262
290    222
289    7
129    303
320    284
222    172
323    117
112    354
246    184
256    280
60    1020
147    339
305    238
144    313
158    568
327    461
90    618
256    802
270    306
311    70
16    92
13    548
322    197
26    7
292    653
67    1
279    1093
6    180
74    326
91    172
151    25
109    5
144    66
78    1160
143    331
297    20
82    15
1    186
280    145
106    435
305    679
24    153
211    526
58    272
177    651
286    1039
108    13
210    631
186    925
269    640
64    333
5    384
221    172
84    322
249    23
301    1035
202    172
152    25
294    539
15    20
59    13
328    519
267    147
239    183
22    186
307    175
311    22
201    651
200    265
58    45
271    191
249    476
292    176
195    100
252    742
159    815
119    269
267    654
16    443
262    185
300    243
243    225
130    231
197    431
268    99
137    195
63    150
200    229
56    1090
104    122
279    108
272    8
271    451
115    234
7    526
201    242
67    240
256    278
188    204
298    432
280    86
270    387
125    434
38    423
290    380
136    117
115    11
64    2
1    159
307    313
100    750
110    79
13    45
235    100
1    272
21    445
334    52
321    207
59    559
297    223
186    322
328    10
11    312
1    80
262    406
269    205
263    272
296    32
198    51
85    488
194    162
54    313
286    272
276    176
85    389
297    692
271    490
197    651
194    56
178    288
42    70
14    175
224    1442
217    578
28    184
211    257
72    527
23    88
162    222
313    230
303    273
280    756
52    405
216    274
154    137
327    474
38    392
26    269
327    133
106    584
102    307
13    168
193    393
62    527
316    483
109    550
94    227
244    428
327    811
110    540
178    245
297    86
16    288
249    240
102    66
250    200
221    1073
256    932
207    134
298    465
102    302
286    642
130    55
64    100
24    372
295    404
279    780
57    282
312    847
327    216
223    298
44    155
1    215
279    871
20    172
297    515
286    196
116    887
94    655
207    186
193    693
102    83
274    496
158    525
269    483
68    178
185    237
39    258
160    1019
85    380
295    624
145    949
119    1263
90    9
345    708
100    340
90    30
76    100
246    568
14    514
13    831
24    662
193    1132
283    70
13    794
256    195
122    792
82    705
96    645
250    111
298    172
222    756
267    484
92    785
177    182
144    1039
73    286
6    213
151    274
18    190
201    150
311    367
20    678
295    843
55    144
1    185
264    524
198    429
301    230
276    463
110    332
342    591
95    26
58    850
312    238
110    22
280    566
334    8
184    972
222    413
12    204
44    82
280    316
249    13
174    117
238    476
45    121
296    950
92    825
344    119
94    644
265    328
104    544
354    462
303    233
348    240
279    992
99    346
92    48
354    133
222    829
178    1012
314    623
299    645
254    183
301    483
194    30
58    1106
209    898
264    516
331    190
297    56
258    313
279    408
318    1032
269    153
318    315
314    938
328    750
28    143
57    410
124    166
282    258
130    158
184    462
207    1378
59    134
288    202
236    307
234    79
227    244
181    742
236    735
217    554
262    790
152    1028
13    632
276    228
303    160
13    502
28    271
59    48
327    90
325    474
172    697
164    984
98    70
342    1007
130    946
264    558
193    871
346    322
241    880
232    471
75    475
158    277
94    31
320    501
331    100
255    53
354    86
181    458
127    243
85    414
99    123
286    559
38    389
352    746
343    474
174    63
56    94
49    347
269    435
43    300
270    155
248    55
177    175
162    151
312    481
263    82
326    528
174    393
184    52
323    150
201    1194
354    269
345    508
42    925
276    229
10    651
300    328
311    431
303    1014
264    792
100    905
342    427
299    1021
221    257
42    568
200    82
75    472
290    216
334    693
12    157
305    357
59    141
235    52
328    55
184    949
373    588
44    168
137    50
62    183
334    77
58    568
339    431
12    15
336    405
175    176
94    28
143    328
345    403
291    834
264    219
326    134
42    211
288    12
122    511
207    171
223    276
215    230
200    33
200    205
344    537
230    7
178    866
130    367
361    26
328    31
374    126
6    32
262    238
314    765
12    196
276    77
94    1206
119    188
195    258
156    317
214    327
344    663
303    153
70    472
344    58
161    127
276    231
378    367
188    148
144    274
95    83
151    428
342    1071
90    478
263    1444
205    258
291    1046
90    1101
189    100
159    225
185    318
374    685
299    485
276    1013
174    196
314    215
108    121
257    165
269    177
14    121
99    685
327    1097
184    196
326    633
112    302
21    292
303    91
181    283
47    321
76    421
269    272
268    746
215    183
214    1401
276    227
307    154
91    338
66    117
101    118
42    88
157    3
379    69
249    472
249    169
5    94
64    318
343    792
276    276
174    655
303    288
1    262
194    1220
279    405
177    195
276    69
363    433
374    173
56    95
103    527
332    181
43    393
59    568
358    1529
234    847
85    661
56    179
256    294
99    363
22    435
10    496
43    161
297    7
204    286
7    570
188    77
295    68
152    241
344    190
213    514
338    511
271    15
314    869
276    121
308    205
308    1006
363    336
291    1244
119    274
314    1221
42    265
316    19
184    693
188    419
235    346
1    163
22    121
342    175
128    190
73    923
184    553
327    238
8    511
137    235
363    183
7    82
271    192
89    716
145    928
295    215
215    210
58    193
342    191
364    690
178    286
270    218
311    515
303    67
361    498
276    751
270    13
58    275
339    673
158    176
366    672
263    134
80    269
387    514
119    209
244    168
83    768
301    31
178    566
273    690
267    575
351    313
45    15
76    1158
201    684
326    399
259    313
271    258
279    571
60    207
354    657
23    549
301    7
178    195
124    226
233    205
82    529
373    596
109    393
25    189
280    559
381    495
318    160
312    482
125    73
43    946
9    479
84    7
378    4
387    942
308    582
144    454
218    12
345    903
198    241
270    288
350    153
277    405
239    124
331    868
130    281
275    300
7    481
249    161
334    311
7    385
269    436
151    411
357    235
157    137
188    326
60    420
373    357
367    774
378    73
342    240
188    79
342    95
64    151
194    161
328    726
58    654
51    64
51    679
283    709
286    596
113    508
198    193
200    208
363    82
226    9
60    61
339    514
303    276
250    969
16    160
141    546
363    2
97    432
270    716
164    300
356    748
21    595
380    427
190    405
305    100
387    31
312    584
269    444
33    292
128    686
7    435
389    124
225    172
321    514
222    527
18    660
7    636
296    22
128    213
258    751
95    64
42    1040
363    591
7    483
216    4
269    7
342    655
228    650
67    472
330    570
246    236
276    302
172    430
114    654
288    50
290    118
307    101
312    496
280    50
80    208
109    1014
15    9
145    713
393    128
8    568
307    153
174    950
274    208
284    887
174    1028
92    961
339    632
233    82
13    345
115    32
54    741
18    968
388    56
224    1044
326    563
125    63
182    471
83    452
56    433
335    260
326    141
338    945
275    102
385    1353
210    185
82    225
393    88
325    340
144    591
308    177
234    265
393    763
90    471
90    1109
304    310
398    481
82    657
107    269
145    406
318    162
312    8
308    160
15    458
268    735
46    151
373    210
267    943
42    409
366    185
72    100
399    1314
305    190
29    98
378    396
200    2
347    12
295    241
345    333
42    79
342    204
224    662
334    514
308    161
269    183
254    98
301    88
301    180
197    258
378    972
92    201
180    694
328    736
87    515
389    785
380    709
22    648
297    269
329    272
396    260
169    604
214    12
373    117
352    181
268    382
130    322
131    302
339    380
308    79
354    962
298    71
239    1203
66    15
210    211
373    102
37    363
59    431
264    443
381    403
145    683
43    153
38    82
303    245
135    325
193    1258
59    640
153    321
378    276
361    185
150    628
401    638
279    1035
8    7
276    317
234    1198
43    95
171    302
18    99
287    248
346    518
238    121
248    294
144    956
254    176
323    713
326    679
354    47
186    939
91    484
48    172
370    209
188    392
392    179
56    201
347    291
83    1
130    286
117    886
298    213
313    665
92    173
269    1065
347    286
87    1089
151    684
393    686
151    584
336    692
90    964
221    1012
184    642
62    1131
231    405
378    88
311    15
201    670
12    402
315    238
345    724
234    1020
70    139
238    458
335    678
85    160
292    144
37    11
314    1028
184    1396
230    276
315    12
184    1398
345    289
83    181
311    921
28    145
269    886
383    663
87    411
370    175
318    63
185    285
139    286
256    7
406    156
224    1039
405    178
95    48
251    298
158    273
127    450
303    591
243    813
7    121
367    334
389    153
286    1286
203    151
393    294
151    227
194    226
381    1439
58    490
367    551
87    403
201    50
324    332
216    28
250    328
90    1193
178    216
334    191
6    56
399    148
250    813
350    616
254    448
372    561
343    708
303    1048
357    864
303    44
416    250
413    271
144    393
92    291
279    184
201    92
311    775
203    50
339    496
186    546
222    399
216    421
62    125
249    42
294    475
312    528
343    642
125    98
405    135
391    357
83    685
49    175
254    892
49    185
200    559
401    204
315    168
91    504
210    187
303    141
409    1176
311    89
23    133
16    233
271    1139
361    340
389    1298
286    268
280    722
399    62
115    187
26    979
345    132
144    65
291    401
401    527
255    218
323    172
256    722
29    269
8    183
374    1046
289    471
209    1137
303    430
117    214
42    196
97    174
264    345
373    474
291    1210
412    202
416    210
337    229
109    1028
327    753
298    185
374    147
334    421
412    175
417    578
393    500
401    210
327    197
308    133
343    164
311    125
314    71
194    144
393    362
125    781
64    69
107    302
372    325
393    1314
379    211
399    128
401    866
141    678
342    952
239    508
313    1210
268    825
335    347
184    72
327    603
422    184
91    313
1    267
295    88
222    895
132    124
24    216
276    386
373    318
125    493
151    318
85    1169
345    481
301    333
383    137
316    22
378    699
280    465
224    318
206    315
130    255
187    1119
290    133
378    696
276    686
308    197
299    1073
59    18
356    300
318    1521
76    772
387    943
380    64
200    50
158    183
58    50
18    70
255    98
344    176
10    13
271    237
197    174
305    289
13    805
373    31
16    134
21    473
328    531
22    455
346    1018
344    304
20    121
79    262
344    303
95    651
30    301
305    921
59    200
422    854
320    129
169    705
108    10
135    12
408    683
330    71
311    134
274    88
92    722
256    1061
58    150
73    81
222    302
375    566
115    1008
374    265
92    1014
393    196
395    174
85    417
130    288
58    955
197    226
416    721
398    228
59    218
88    904
424    261
433    302
373    97
8    188
79    251
339    153
354    174
11    22
343    382
347    298
10    132
215    186
417    684
21    294
18    523
361    739
370    659
308    461
18    135
158    216
301    300
189    9
417    1135
219    935
426    493
344    183
334    268
14    168
324    300
222    1
1    224
385    500
43    272
385    128
299    662
167    290
345    291
292    168
162    1012
354    153
159    121
111    242
312    173
390    713
234    1263
380    185
351    990
417    99
429    941
200    135
287    98
434    815
200    1049
314    873
178    323
429    633
316    132
380    496
222    2
234    634
276    204
436    411
22    230
357    866
391    530
267    647
221    4
92    582
198    203
117    1012
357    984
60    416
44    274
130    881
190    333
332    295
200    88
308    660
197    530
435    693
429    97
394    181
1    190
334    870
378    471
308    520
250    69
48    181
276    576
416    819
417    725
387    189
263    661
411    196
406    435
151    702
20    568
385    171
395    365
151    51
387    136
328    569
207    205
435    115
449    971
354    483
292    408
133    294
109    295
158    516
233    423
89    517
64    70
25    633
271    471
406    443
378    896
92    22
327    423
267    54
172    483
234    208
399    772
85    237
42    1049
263    163
311    71
417    226
151    163
29    874
95    79
332    265
269    716
174    216
126    751
114    100
262    200
256    473
59    33
94    541
82    8
108    14
197    313
450    142
431    748
413    628
19    258
299    276
293    649
389    136
392    166
145    258
349    1117
299    52
425    56
363    461
294    825
86    289
43    409
297    435
311    1479
429    423
138    318
409    187
271    516
343    961
224    727
234    284
94    768
271    117
119    977
235    1119
148    713
359    405
379    448
317    268
97    32
303    820
254    211
87    118
280    132
394    217
234    927
325    526
167    204
225    22
6    524
118    134
398    1450
128    614
295    290
42    77
406    942
432    546
327    313
416    71
387    69
197    323
233    56
374    230
312    968
216    652
174    347
332    53
429    219
344    251
261    1237
334    628
160    603
269    498
26    742
412    634
301    179
389    699
99    406
227    1017
267    80
234    1456
75    411
436    1206
5    209
110    1188
222    222
398    58
60    478
224    1441
254    561
354    740
43    879
222    70
130    721
115    269
348    1061
115    22
193    194
81    147
85    95
23    50
338    435
184    742
374    233
222    808
6    100
405    192
426    429
12    318
320    156
435    185
34    286
217    176
287    298
366    219
394    97
307    145
311    451
330    73
109    380
12    282
288    318
303    286
416    230
13    210
219    215
267    480
378    433
94    23
144    195
406    713
312    713
57    298
59    566
393    70
301    719
347    151
56    402
299    278
399    400
322    182
450    583
429    464
119    982
90    155
328    222
354    605
416    607
96    176
450    561
377    313
425    1314
94    431
221    33
268    302
303    483
275    226
460    10
318    69
10    474
393    202
394    423
436    546
1    170
297    69
198    198
322    188
59    64
79    1022
90    609
416    1012
417    250
230    141
346    147
70    175
125    474
303    2
137    121
144    173
207    1333
374    120
344    73
73    135
279    474
82    97
130    305
423    355
363    258
344    357
90    127
249    114
224    286
259    179
435    216
158    20
195    47
437    658
297    447
328    333
182    257
437    485
416    85
43    88
468    642
91    520
437    65
239    527
144    24
343    175
262    1035
216    122
334    1016
150    151
326    613
73    650
420    137
234    745
219    382
64    847
402    511
174    846
224    28
399    746
457    58
435    597
311    202
350    204
233    584
223    476
309    331
345    1053
11    423
456    274
158    173
295    720
471    140
450    304
131    124
7    499
334    429
174    742
367    406
416    106
150    324
269    1148
13    4
417    449
295    238
444    916
374    71
407    416
450    494
64    313
423    333
117    748
236    504
469    513
329    197
460    20
197    232
313    624
288    223
422    448
275    294
345    117
379    187
141    282
389    712
435    171
7    216
92    153
75    235
417    550
116    346
216    221
176    246
278    882
466    188
262    7
303    324
115    7
464    678
391    200
396    595
416    1521
435    381
158    659
373    286
189    44
438    269
416    723
450    281
359    408
270    584
371    234
435    313
393    571
2    111
308    48
271    87
43    290
354    419
447    288
370    322
85    529
272    514
276    951
38    742
178    176
417    484
249    53
42    1042
148    69
151    69
327    10
157    1051
118    1079
43    1054
398    182
392    199
292    153
56    423
464    269
429    794
381    673
321    529
295    1473
440    1504
301    94
48    483
416    1007
387    4
391    205
174    1
52    864
313    185
24    55
194    628
7    192
299    167
23    597
110    402
356    315
193    274
450    685
279    712
18    60
336    33
253    182
354    1017
95    175
184    631
354    173
412    724
417    655
213    685
407    684
344    509
457    727
335    305
10    697
69    282
339    484
59    276
456    710
268    27
343    1067
455    508
20    588
345    1226
317    264
169    498
94    451
471    477
354    955
422    293
339    433
399    98
279    153
450    742
487    474
72    134
354    100
334    333
379    12
69    475
83    846
311    622
38    70
128    487
473    813
269    528
487    76
171    887
85    506
286    1105
401    553
144    257
18    416
109    211
387    209
348    409
416    1495
301    143
291    1059
188    629
484    25
350    133
303    482
60    385
407    869
437    969
492    318
352    692
424    683
213    175
434    546
486    221
406    715
195    264
322    608
145    1073
450    15
478    673
313    328
487    1188
221    1090
482    988
288    427
397    513
457    474
416    708
489    342
407    202
6    22
144    533
250    288
176    151
326    491
472    232
471    94
422    410
184    528
21    322
10    157
198    690
251    111
333    435
192    50
110    905
43    313
312    434
493    751
487    658
405    431
473    1129
274    274
484    755
436    127
315    56
440    512
244    833
311    321
394    79
476    232
294    332
237    190
308    708
100    1237
104    845
415    56
130    299
246    853
286    176
437    1211
237    179
286    181
251    64
296    198
236    432
133    346
420    753
95    1091
437    483
267    455
301    91
75    926
472    120
432    315
215    496
90    703
301    240
456    933
328    28
196    202
493    121
201    1011
472    195
474    488
211    9
11    745
416    289
308    510
313    770
230    79
296    100
128    121
135    288
457    241
174    269
339    436
457    722
379    285
450    419
11    654
13    342
497    465
91    498
389    514
43    1023
343    786
406    431
418    258
294    340
250    1199
292    58
387    135
203    288
222    729
314    411
479    55
392    170
449    171
1    30
334    50
177    55
453    97
336    762
431    754
143    313
355    264
119    689
336    796
346    50
409    749
227    137
437    484
417    184
315    428
399    1035
416    633
126    346
453    578
210    180
495    797
14    921
244    780
235    303
354    1065
5    432
317    322
128    197
488    198
444    678
409    12
357    105
487    232
128    652
469    641
429    1010
313    420
363    11
456    660
405    67
374    70
26    1014
234    1269
378    223
497    627
189    204
303    117
488    58
385    604
52    121
497    260
253    494
123    462
385    429
313    94
87    871
94    192
455    504
128    268
279    99
497    508
378    7
330    63
334    591
280    220
276    415
142    333
314    423
74    351
59    483
301    181
246    441
23    588
450    712
450    227
425    156
372    129
262    451
411    227
83    15
303    603
53    64
11    79
234    735
307    185
249    588
474    744
64    82
271    371
184    945
450    1222
352    129
293    588
130    692
337    520
59    210
450    101
370    607
113    948
512    265
210    327
347    158
515    362
295    161
178    24
200    28
456    1267
500    58
400    749
78    257
97    132
415    479
276    691
493    652
309    319
508    195
23    100
363    117
495    451
504    194
31    175
371    627
270    5
92    364
378    496
68    286
479    422
201    956
18    949
447    117
326    651
279    624
214    154
348    126
279    444
450    402
201    1268
486    6
389    997
203    993
286    224
426    1204
178    1157
128    655
71    175
292    156
178    238
101    280
251    1098
339    80
497    385
276    797
417    273
246    208
378    248
262    40
5    390
480    174
90    430
508    144
360    308
456    369
495    44
419    181
280    1221
479    230
442    943
230    28
416    367
327    285
193    300
205    315
308    591
270    279
433    59
286    144
126    328
518    919
314    11
263    87
532    58
180    258
1    211
276    558
279    71
7    616
39    937
123    319
65    514
95    423
518    284
479    655
458    284
373    432
477    88
497    765
144    69
455    529
484    879
474    496
474    676
94    93
13    357
315    327
299    1005
77    250
104    289
524    198
37    566
52    204
406    1202
507    826
351    1024
439    405
393    761
405    419
223    749
416    785
502    879
303    54
472    395
109    403
230    568
330    293
254    1183
331    958
303    382
478    604
239    421
453    276
275    132
504    403
328    559
311    504
116    191
487    87
347    117
222    271
496    921
501    151
303    455
391    659
473    293
26    302
293    160
505    422
437    42
24    69
151    657
290    926
151    275
244    746
487    161
416    684
283    49
64    182
215    203
474    244
314    1471
115    922
324    260
535    1
429    185
7    100
219    1014
119    1260
527    588
426    616
152    275
455    1137
130    98
308    201
458    86
235    181
527    28
393    465
489    343
340    173
158    652
184    411
269    462
57    24
274    591
524    187
527    963
457    959
216    215
279    109
1    239
90    306
303    340
378    1211
195    413
505    195
420    288
90    170
123    479
71    197
388    895
532    348
87    502
327    582
484    255
486    1514
442    1067
291    763
275    1
213    24
92    800
201    582
520    1051
429    47
254    265
459    22
503    313
348    323
450    193
409    514
405    70
447    281
99    845
506    510
476    33
201    124
369    172
363    448
249    1
459    993
160    474
429    264
360    170
492    97
82    81
334    1041
474    199
457    20
504    96
537    177
537    507
495    162
90    18
189    24
185    276
530    535
130    79
537    312
407    229
279    139
312    671
393    274
526    269
541    654
5    50
523    242
295    738
325    961
351    343
164    866
537    134
532    345
463    221
535    8
447    447
292    298
62    174
506    97
152    785
495    566
505    651
435    21
545    222
454    96
84    543
59    673
151    566
498    1103
534    117
193    1
496    746
201    1070
32    1023
378    217
55    118
425    325
243    1148
416    627
98    88
253    15
334    423
527    210
455    428
245    756
532    938
279    124
263    222
508    502
32    271
466    357
45    411
416    70
327    919
188    157
432    844
385    144
110    41
503    88
391    544
287    121
470    952
276    800
394    433
443    327
10    333
343    1073
389    954
538    963
417    386
527    634
194    837
438    845
426    174
84    317
3    320
537    529
458    521
307    200
504    71
399    393
387    102
429    805
405    710
195    508
336    125
407    172
48    528
14    238
10    245
141    333
474    517
106    1242
216    943
374    176
286    217
329    185
508    209
269    632
113    116
498    171
416    865
540    7
454    1107
450    1603
506    655
497    298
347    50
449    170
321    186
457    168
497    692
553    511
330    470
318    566
398    82
499    207
85    182
311    520
124    154
96    98
90    568
249    483
460    311
417    181
331    414
523    549
533    546
452    614
63    405
524    490
338    1
262    559
535    70
188    553
457    845
472    1119
269    428
57    748
526    283
416    462
371    180
561    51
24    11
327    164
43    280
322    656
541    781
489    991
373    165
536    204
24    727
500    56
535    508
434    833
126    344
429    151
540    50
25    968
344    8
370    661
504    372
327    960
468    8
506    662
295    403
13    578
386    685
200    866
450    92
486    109
274    1152
479    1039
320    588
463    596
528    748
213    479
10    182
470    19
412    96
400    323
429    702
538    496
286    819
488    210
446    334
276    461
481    650
195    809
6    203
520    300
401    83
389    527
328    323
18    461
52    13
34    292
545    229
312    608
429    83
385    507
160    282
382    100
145    412
393    569
277    1129
452    79
112    887
551    132
559    902
30    172
435    1103
530    328
497    127
59    168
536    265
450    385
499    136
485    538
62    83
510    286
144    1
478    427
502    338
13    222
225    427
457    172
476    194
378    257
329    174
536    50
474    203
487    68
291    569
474    135
323    933
429    48
561    584
343    703
222    1139
328    912
416    827
417    248
456    720
340    143
542    367
525    237
269    302
313    443
290    125
244    268
257    129
99    471
322    302
465    12
500    70
311    639
181    100
59    61
117    210
23    203
457    744
1    234
87    1049
50    1008
378    1400
504    428
531    289
207    514
347    258
506    554
405    397
545    810
251    742
455    191
57    871
472    655
532    1046
567    7
381    16
406    72
137    1
398    229
452    513
521    173
369    919
390    283
222    1011
407    181
504    237
455    24
311    416
508    1
543    1194
394    265
425    340
532    568
565    179
77    641
496    625
14    210
177    135
567    1131
272    205
478    218
468    475
536    21
49    557
157    286
576    435
435    752
313    632
385    18
468    293
354    258
486    936
394    233
416    1
500    535
549    50
320    570
460    713
479    879
500    255
556    48
526    147
537    137
379    172
295    121
496    17
497    408
294    121
540    741
219    879
39    270
301    455
480    165
343    471
591    787
406    699
561    19
194    467
92    195
537    269
532    829
177    963
416    1217
501    181
473    137
144    61
189    500
532    485
292    235
552    717
484    510
561    222
54    546
264    1118
592    124
294    50
11    727
84    685
457    44
551    307
370    433
189    487
52    111
551    238
555    480
267    53
299    965
409    433
268    174
405    461
405    82
527    868
503    45
404    302
49    1071
268    59
97    175
253    190
480    265
488    87
474    258
592    969
239    589
343    241
328    161
517    369
279    158
311    449
124    174
308    202
401    493
474    92
115    673
448    304
244    716
18    805
214    92
576    70
471    102
545    254
243    461
97    191
551    746
535    629
449    459
347    544
538    692
373    734
6    174
379    124
72    174
378    319
504    68
532    679
548    760
175    12
256    405
224    423
223    864
566    242
152    117
92    577
533    87
293    48
399    53
537    461
57    710
433    435
484    15
561    1119
449    15
535    59
468    692
393    553
392    491
456    696
95    640
592    202
385    657
561    671
456    508
62    959
42    501
381    529
151    847
579    1074
474    923
521    33
1    75
505    614
449    244
264    656
592    742
518    222
558    508
409    174
97    408
46    50
537    13
16    208
405    586
344    88
417    1183
457    234
554    542
215    228
485    321
214    156
397    171
495    88
524    289
404    754
577    110
151    211
455    4
381    693
130    5
507    302
314    294
185    9
481    367
470    137
437    778
581    919
514    170
519    299
43    686
455    447
94    132
437    1161
437    730
470    285
454    195
387    79
119    537
595    1067
249    405
497    679
607    529
454    419
507    405
198    216
416    199
488    523
588    783
528    50
566    77
617    637
518    151
533    568
606    147
592    1187
537    231
233    623
376    268
405    215
11    719
331    286
349    325
389    181
334    324
239    489
339    521
527    1333
425    272
314    202
198    161
593    172
318    527
163    269
583    265
234    488
334    288
3    329
537    606
399    64
323    619
479    153
115    847
363    559
200    1091
114    485
291    123
530    483
618    28
541    625
328    155
125    191
500    235
1    144
13    845
378    575
339    427
621    404
450    340
23    155
537    191
621    567
345    50
267    179
416    763
109    174
622    845
94    142
348    118
506    951
221    695
487    781
343    581
224    239
423    754
541    222
450    1221
132    151
293    1298
504    699
283    151
524    24
450    80
548    281
378    70
601    174
255    559
385    1121
498    933
624    471
567    257
334    906
458    304
184    644
442    672
416    712
214    175
569    302
544    286
344    210
210    72
325    548
435    717
425    305
561    537
405    388
430    222
293    49
542    319
430    56
472    378
524    1456
577    932
592    147
393    826
628    270
398    124
420    100
354    1085
431    327
347    655
579    111
436    721
535    591
92    396
425    346
585    1524
574    690
548    258
395    181
344    89
477    25
179    333
487    748
428    347
313    484
305    184
497    153
151    9
350    479
528    238
608    609
539    153
526    408
448    1602
318    1063
588    423
290    265
633    28
370    497
382    1381
627    1004
500    729
338    427
409    283
561    1529
130    354
275    96
449    269
532    879
621    554
163    300
506    796
593    65
450    507
535    658
495    227
545    217
174    1262
491    900
425    568
478    412
577    385
170    687
478    237
527    59
250    367
543    202
478    357
145    1025
528    194
338    213
416    88
495    147
586    235
139    150
332    895
555    7
601    109
604    183
299    25
535    151
412    172
497    1047
555    285
238    301
567    496
422    93
495    168
536    176
201    750
559    127
66    121
109    233
551    79
479    732
305    751
430    515
457    155
543    664
307    631
561    382
586    226
298    951
537    498
342    47
389    25
417    69
239    221
489    294
18    285
7    134
125    455
533    181
545    665
609    287
213    258
624    262
560    250
200    117
335    355
566    1044
416    821
642    1039
116    325
456    658
483    99
468    15
391    59
312    154
387    230
387    192
628    330
325    443
468    423
73    154
308    856
373    603
378    281
429    69
429    1418
643    419
484    823
606    966
616    355
623    642
211    462
561    645
60    429
145    354
569    340
342    656
308    403
286    1038
277    137
631    286
513    181
622    240
151    111
144    251
564    121
454    520
538    568
83    781
606    258
14    222
552    1315
435    89
405    347
43    312
344    1014
548    504
14    288
595    763
145    650
468    222
472    1228
457    448
580    123
622    196
533    194
532    151
437    99
393    72
207    509
330    168
286    315
346    1228
189    191
524    670
514    651
592    238
83    161
267    218
457    89
18    969
550    304
145    979
13    355
387    715
606    760
605    174
334    318
537    182
450    302
612    9
144    70
276    274
500    1018
231    471
13    286
151    14
543    737
406    712
135    260
313    892
94    518
198    185
230    628
568    1203
545    215
592    61
592    32
136    744
243    708
18    627
618    50
572    1171
417    402
470    118
474    513
496    418
472    90
76    514
500    708
505    553
134    326
449    59
500    88
137    748
534    825
110    689
534    986
374    218
295    196
654    4
527    517
545    55
488    64
437    753
265    327
277    293
308    49
368    292
565    10
43    781
559    528
130    342
592    319
561    93
159    195
389    616
555    271
587    343
463    117
588    451
622    72
588    428
627    157
567    176
334    855
532    926
213    483
648    188
655    274
301    763
60    799
537    1197
136    525
622    66
447    153
579    49
276    523
551    827
468    173
505    237
503    558
154    61
159    255
630    12
503    186
475    315
575    194
655    1403
454    73
303    1153
293    1048
640    204
536    132
125    751
462    288
468    56
551    479
486    111
95    207
343    449
501    124
481    678
429    22
487    28
655    523
606    530
268    235
42    203
425    333
493    742
497    19
617    100
625    166
409    1194
608    332
16    204
588    220
547    312
59    523
543    578
655    14
503    526
380    100
566    218
429    845
399    542
416    651
477    36
567    641
189    150
244    697
606    265
621    100
56    226
300    409
618    168
447    559
90    647
109    395
474    282
392    58
551    717
339    174
321    519
543    226
524    1454
495    924
146    340
487    92
640    1073
506    73
94    164
599    237
330    205
222    328
648    554
585    70
592    508
334    134
644    243
52    473
133    243
11    603
280    2
270    421
489    327
324    1
598    350
90    519
130    578
191    331
541    118
577    338
650    708
606    549
219    936
592    1039
593    83
271    173
373    1119
543    410
407    710
647    588
94    654
616    272
1    71
10    319
290    930
141    676
591    1111
92    72
608    4
294    148
457    1168
561    642
664    89
387    92
244    1109
235    483
313    215
368    183
643    443
629    195
655    959
665    762
663    245
551    421
593    451
588    272
598    313
201    682
653    310
623    88
550    125
95    65
13    657
642    240
326    229
194    432
603    923
197    241
425    823
452    490
239    165
131    269
653    180
244    949
305    770
379    238
313    195
398    117
301    797
662    515
567    133
639    971
389    732
537    485
637    111
299    28
287    108
242    1011
396    546
644    326
530    191
658    1
334    712
549    1047
592    631
599    595
196    1241
514    178
399    549
450    491
484    655
561    179
655    628
353    346
620    288
450    448
496    172
136    124
399    454
256    283
250    95
503    125
406    638
99    173
618    597
217    472
648    685
328    118
425    171
601    191
380    708
222    693
200    385
327    87
203    258
448    344
360    531
3    271
504    141
592    216
622    1
488    98
18    411
576    514
437    603
95    1228
551    693
625    265
334    433
268    56
373    1066
650    202
606    1039
328    77
567    170
665    343
472    834
286    569
422    260
336    710
407    183
654    278
106    14
585    923
151    265
430    462
381    303
577    87
334    494
503    216
457    540
682    623
561    520
610    427
305    1485
577    651
49    501
617    185
682    215
70    225
83    298
278    923
346    739
291    456
297    746
125    186
411    229
474    604
533    333
625    195
587    338
18    23
264    525
389    300
632    470
505    496
673    288
163    357
347    100
479    258
437    588
597    50
566    384
279    176
685    269
568    659
541    234
7    634
347    689
504    479
380    9
374    66
200    462
380    270
595    508
338    197
458    589
487    955
648    28
18    614
352    144
327    845
472    577
502    895
5    204
271    69
496    143
533    211
234    418
629    1119
591    116
625    584
535    52
426    511
370    181
57    496
666    301
488    692
442    174
328    1217
48    194
666    174
60    227
345    4
527    60
606    150
315    642
618    216
451    259
674    294
66    763
648    184
586    358
592    144
409    493
454    69
682    1045
650    196
211    1025
530    183
665    1283
18    489
312    172
586    720
457    452
268    70
629    50
21    817
207    317
232    655
551    917
495    1182
82    274
593    275
313    499
637    294
677    405
533    236
586    1047
368    670
308    230
303    269
682    333
511    288
320    1059
94    317
428    326
586    240
305    143
693    273
269    530
504    4
586    31
505    191
690    790
484    73
361    611
450    731
327    152
654    678
76    93
478    1048
554    173
223    1016
653    474
567    209
149    346
532    251
528    298
655    1134
223    1051
671    233
160    483
694    191
532    1188
521    431
545    182
606    153
618    576
553    515
338    215
435    15
463    1163
666    1266
682    94
457    70
610    591
450    380
16    684
686    187
113    9
187    179
301    758
246    181
234    443
497    399
180    961
128    393
361    168
365    268
587    350
43    294
440    350
537    168
56    443
622    472
142    425
207    69
610    79
698    83
99    147
579    286
452    154
94    228
87    153
111    302
682    122
328    1107
650    143
435    239
435    3
504    651
585    61
552    286
648    175
622    47
634    126
250    1426
671    53
479    108
645    87
148    418
320    232
639    724
514    473
636    740
537    135
235    50
306    283
622    46
524    578
608    753
598    292
454    483
478    300
705    298
429    181
82    367
618    371
254    403
570    690
618    215
56    227
13    670
230    266
704    316
663    924
659    202
621    96
601    410
673    347
564    257
588    131
648    722
186    356
468    70
532    554
664    210
479    270
246    672
506    425
701    316
371    69
254    1060
629    265
151    199
592    294
450    609
192    25
654    969
643    508
190    508
503    19
536    746
707    478
499    300
697    273
660    21
666    25
565    713
672    281
524    129
633    317
625    433
450    1220
267    230
343    747
663    741
243    724
716    91
367    670
671    1222
698    50
711    652
276    552
699    1060
201    137
442    7
524    71
486    1129
667    186
670    228
389    178
94    72
344    694
654    756
663    925
478    959
638    100
693    39
524    709
40    328
624    286
269    133
669    340
545    743
107    312
429    432
450    969
577    582
334    508
532    506
128    490
463    258
709    561
188    288
690    174
539    127
707    166
716    143
265    628
686    79
698    168
249    248
642    541
642    250
698    529
394    230
655    25
239    171
659    385
41    58
421    183
634    274
514    647
655    20
480    209
399    68
345    300
533    15
525    475
305    269
70    88
194    157
152    871
650    210
498    806
606    562
676    748
674    282
466    518
394    109
488    318
633    566
682    546
460    276
479    272
216    169
643    69
87    423
24    12
223    243
393    245
406    1
663    284
472    29
639    191
564    472
478    26
694    199
7    230
650    659
234    1369
592    181
478    451
486    1086
595    411
59    191
622    143
453    12
345    9
429    79
92    428
679    327
693    69
247    64
313    452
426    133
13    797
551    272
286    70
263    602
294    252
108    740
627    461
354    518
128    742
145    331
430    258
711    699
474    50
664    481
648    265
144    651
695    882
314    65
699    235
577    217
648    615
679    357
671    576
655    610
305    300
339    205
686    588
48    56
144    357
688    678
607    485
416    211
701    304
606    628
705    172
184    591
635    886
590    287
279    926
41    238
201    160
452    863
615    211
716    157
416    794
537    87
622    89
409    23
478    410
7    635
737    428
415    432
439    293
514    431
569    268
426    168
666    209
707    486
313    202
297    535
235    923
478    843
204    288
586    160
463    248
130    1275
121    717
705    151
291    722
606    1190
106    28
529    270
235    179
292    48
520    286
435    1268
393    977
167    735
712    82
234    1285
613    126
710    300
469    582
655    753
607    498
175    195
10    60
179    300
567    469
276    72
457    235
374    2
385    652
373    946
717    322
704    461
339    131
453    496
479    24
246    96
666    636
699    224
455    270
495    944
716    191
693    568
606    326
514    582
663    23
514    393
655    498
663    268
483    318
694    197
686    327
716    86
384    302
653    88
682    554
634    932
496    56
749    49
586    1042
274    220
748    748
632    735
590    13
422    326
506    96
145    597
73    660
659    157
727    33
642    565
58    181
141    257
728    117
345    1074
572    289
450    622
682    1091
717    294
312    137
707    45
716    340
697    125
129    242
711    739
523    70
756    63
33    271
649    1244
244    871
450    90
407    209
480    258
141    291
42    239
498    89
370    31
718    689
757    196
95    197
472    1074
618    197
631    301
757    71
280    728
586    452
751    178
655    529
679    416
374    934
693    631
284    289
307    483
648    505
457    185
712    746
280    203
94    433
507    257
458    474
597    235
447    11
620    118
433    246
59    402
305    198
496    186
401    315
525    928
698    659
573    174
363    248
749    735
334    537
207    125
749    154
715    1011
78    93
748    22
515    687
676    962
311    393
666    427
608    487
6    308
694    654
504    465
194    737
524    209
505    385
125    144
714    597
511    682
458    58
738    265
712    584
128    955
660    483
207    461
663    287
716    588
747    303
749    73
614    294
579    381
329    333
663    321
484    181
293    47
610    313
329    286
592    853
92    55
178    168
721    258
398    132
121    1194
735    9
296    50
248    89
524    1124
313    636
51    172
393    620
666    339
638    636
100    294
737    175
561    946
498    293
757    651
376    288
527    528
628    361
87    709
720    995
486    1197
650    755
233    521
582    477
101    820
709    200
88    898
496    485
719    660
543    479
618    125
521    184
653    313
450    481
659    196
6    153
175    50
89    709
236    427
655    904
184    396
655    124
585    584
497    716
708    864
435    219
655    50
749    403
558    20
772    312
84    286
531    751
576    15
506    208
279    977
290    31
730    50
536    707
638    121
176    319
385    12
275    542
771    690
452    197
325    1203
406    134
638    186
640    1244
747    531
719    392
707    712
10    602
398    589
654    431
666    430
514    10
696    883
405    218
465    1
625    588
777    168
653    177
22    161
773    72
716    507
646    313
250    191
276    943
554    111
721    1392
406    727
645    640
389    420
437    435
280    742
7    387
474    945
711    1518
684    70
460    847
360    187
588    1
760    181
715    193
187    209
747    132
372    5
639    778
671    591
758    108
272    204
716    357
722    237
758    619
643    66
286    4
198    186
715    82
389    835
493    550
758    56
62    676
551    356
553    513
650    91
250    943
671    356
588    485
95    389
327    48
286    1074
664    222
405    180
295    743
671    554
409    647
504    409
239    242
331    175
716    417
495    226
562    73
472    186
437    523
532    842
770    301
655    732
751    735
535    14
583    357
648    152
207    1331
453    410
593    26
697    628
749    521
279    230
715    83
757    248
109    679
561    523
640    151
504    399
581    1375
244    9
782    1023
171    269
694    491
766    98
450    292
92    282
705    2
493    201
146    245
256    1042
504    392
422    475
727    203
782    938
776    234
467    475
671    54
328    744
17    7
788    480
429    480
592    1017
711    1117
451    329
648    66
504    291
297    111
592    657
22    712
559    194
145    731
567    1451
239    42
676    300
624    270
729    333
305    528
738    357
649    291
451    305
345    274
660    22
195    234
541    1084
402    13
543    656
632    275
648    519
642    845
569    286
694    174
547    315
758    889
793    276
709    174
718    1165
660    898
533    13
423    924
665    597
645    474
599    255
705    38
784    678
642    1014
379    710
539    238
622    90
749    199
608    480
625    357
551    1139
533    514
592    522
548    283
423    245
537    466
758    684
342    212
171    310
683    303
749    578
704    662
601    504
637    333
796    679
707    162
643    521
747    156
234    279
363    235
55    50
655    249
665    319
496    268
758    391
524    321
560    318
457    7
271    499
798    164
664    480
152    155
72    553
354    865
280    58
665    181
345    220
796    159
405    231
610    419
151    178
764    31
780    467
733    248
519    313
766    135
775    348
758    128
694    178
637    338
295    79
749    15
752    271
604    127
378    582
43    581
763    11
334    172
151    971
374    50
492    528
35    327
452    86
676    114
659    649
62    210
618    1
508    357
429    1209
707    208
685    325
783    346
457    161
672    124
774    52
693    514
724    310
799    479
804    1076
90    1204
745    527
721    527
267    81
250    933
708    763
690    12
325    480
378    568
119    181
424    435
447    298
796    1119
435    743
254    118
648    498
548    331
58    153
605    873
435    45
805    17
585    1449
60    479
130    827
321    275
279    456
25    23
265    100
602    9
398    66
90    732
727    284
357    1028
221    174
489    748
593    278
806    629
561    46
591    381
717    274
488    269
401    302
682    100
577    77
506    582
305    285
796    932
796    496
475    50
59    792
608    1039
569    756
807    385
754    255
650    654
325    105
516    660
677    1240
785    22
659    664
7    601
606    99
679    291
650    571
796    49
532    4
804    213
749    78
721    1296
633    128
666    270
382    23
708    304
213    597
188    76
591    210
537    543
221    227
543    204
747    91
655    275
798    932
812    288
400    258
796    716
474    22
748    173
627    27
545    99
768    117
630    174
766    99
532    708
626    313
592    327
63    1
488    1050
42    151
682    282
510    323
178    720
809    272
398    523
606    250
151    652
559    226
807    239
571    462
88    286
535    193
738    79
521    967
513    50
653    128
747    739
500    9
699    250
642    723
500    285
751    272
593    155
721    318
466    187
60    617
201    315
189    10
128    73
435    264
721    22
747    634
14    81
498    1161
541    402
442    64
804    674
18    492
681    286
722    151
186    298
429    655
830    385
742    1012
375    176
663    876
817    118
537    746
598    258
741    722
713    340
580    1014
773    60
372    98
617    238
416    693
573    657
788    98
752    690
487    432
296    301
561    652
629    307
806    89
145    347
661    615
249    209
456    655
488    245
474    248
694    31
645    211
392    294
601    222
709    56
588    28
246    432
7    568
682    281
457    318
159    1014
625    181
601    131
523    1195
586    92
749    228
10    499
530    98
468    126
429    430
659    173
792    546
823    210
835    325
533    148
489    353
94    181
615    13
790    52
280    660
658    654
782    690
747    997
618    421
493    475
406    121
450    117
291    801
796    176
710    318
823    7
705    111
759    258
452    52
271    238
387    68
541    417
796    1269
606    662
43    411
450    655
825    294
627    553
738    39
218    466
7    566
738    393
406    509
788    1248
722    147
516    286
743    300
711    315
807    405
833    673
555    21
787    348
696    310
622    553
768    275
830    739
387    205
730    125
807    1034
591    508
810    301
254    584
87    179
758    385
134    1
650    1118
608    956
766    679
666    185
435    384
664    160
611    346
807    622
532    100
686    514
280    167
744    28
831    591
17    100
833    367
687    748
387    11
682    366
814    200
363    151
7    186
727    993
161    487
605    124
846    627
630    929
693    64
474    13
787    333
571    47
346    1258
230    214
472    1239
658    518
198    229
516    212
332    73
85    526
642    41
640    778
761    50
334    19
417    179
567    1252
718    471
719    23
773    1475
782    1389
749    603
499    7
749    633
715    955
16    152
716    504
389    346
399    172
760    202
503    25
766    131
642    377
324    458
118    558
591    202
670    168
692    238
654    1016
561    403
722    291
704    607
587    308
815    528
381    294
666    1110
699    14
806    172
576    815
641    285
629    286
749    378
62    82
634    240
682    234
666    176
478    467
831    181
487    833
487    1410
194    72
401    312
313    147
216    302
577    31
504    211
616    323
484    237
332    327
729    354
56    1028
484    29
721    688
385    484
669    490
276    518
301    4
838    181
87    535
56    237
484    150
268    290
655    1406
831    333
735    126
767    141
703    471
854    186
838    318
838    72
840    1065
69    117
659    367
72    191
65    511
606    491
835    654
459    289
207    117
784    328
782    1244
378    255
786    82
760    125
854    499
686    127
56    421
92    1042
640    233
697    928
843    448
825    841
748    179
189    181
805    175
423    286
835    131
7    180
470    276
717    246
378    961
738    603
293    316
707    65
245    210
399    57
795    771
839    281
859    111
684    596
474    943
417    79
179    914
790    230
766    95
543    663
633    1046
554    684
773    171
632    1
452    127
846    403
498    83
506    497
582    293
398    429
716    282
345    65
177    642
85    50
567    23
746    24
694    378
499    117
625    168
59    662
450    168
595    546
588    161
825    50
828    753
302    289
847    405
798    142
718    742
621    578
857    294
765    25
625    144
655    311
650    636
806    150
758    529
648    444
16    87
848    584
807    1138
752    311
125    49
294    268
419    50
337    50
535    213
786    183
717    282
835    609
478    447
434    283
379    502
686    135
838    480
716    705
201    173
70    63
748    50
471    225
727    658
625    603
548    156
454    114
731    945
267    239
697    25
716    488
805    154
407    98
276    820
857    321
18    956
862    210
823    404
493    1
299    166
682    959
236    655
577    307
817    15
489    751
549    181
104    127
871    245
22    228
11    54
472    260
357    322
23    153
385    1017
269    464
608    207
846    1110
533    48
660    100
343    189
104    272
415    531
416    553
846    443
733    275
323    993
680    515
151    302
564    930
450    332
536    164
679    184
527    197
775    300
643    470
871    515
679    484
771    71
837    596
5    446
538    223
6    462
474    58
618    471
264    98
862    215
1    168
796    291
299    517
59    15
666    200
303    479
610    1
158    1047
123    182
592    1184
817    281
864    693
708    237
469    65
694    519
758    508
741    215
16    100
545    204
622    100
851    680
851    363
251    7
385    512
870    642
877    31
450    557
498    656
642    423
807    358
360    479
760    682
831    266
301    481
826    566
851    1132
535    83
401    133
815    132
236    370
271    51
506    200
796    717
707    216
457    393
782    990
200    1073
417    420
59    655
197    538
521    77
699    129
291    291
650    209
788    162
151    56
42    97
879    300
738    470
255    597
532    931
196    845
717    50
256    44
90    644
655    135
580    871
11    718
883    792
862    187
49    1077
90    198
665    100
14    507
851    50
834    7
442    195
712    506
788    195
537    896
854    216
875    334
484    472
291    172
585    83
753    22
851    153
294    301
447    1315
416    148
868    1
451    307
105    269
397    8
758    257
881    663
465    132
873    258
877    270
833    488
127    258
7    488
481    70
537    48
833    93
881    1118
666    111
796    448
537    98
442    228
209    9
705    228
748    692
312    606
370    100
650    157
510    245
70    473
716    197
792    471
743    289
589    689
804    10
537    694
129    1176
791    300
535    30
458    28
299    313
354    19
472    24
22    4
137    289
802    687
593    200
514    50
249    144
87    801
778    161
586    566
345    744
744    23
624    24
717    1137
343    235
640    338
447    582
736    1388
332    840
222    356
790    722
749    257
864    892
749    523
325    1018
823    196
846    92
332    431
532    186
864    22
708    596
883    72
56    410
849    288
716    81
848    209
436    1028
821    132
882    515
327    184
764    696
102    751
286    1101
843    1411
838    385
391    76
863    333
761    291
878    949
771    709
787    880
474    607
347    177
592    93
385    1495
621    183
762    875
731    588
846    702
837    13
867    318
435    22
802    672
848    1118
380    515
606    969
397    109
862    64
292    486
524    216
457    51
534    243
773    531
650    137
615    509
882    204
648    619
867    174
174    1311
630    240
555    340
868    183
894    888
215    87
847    372
716    632
648    227
846    755
781    204
847    1160
177    181
629    655
312    507
878    655
840    529
788    1
756    731
894    333
435    1016
327    1218
851    273
276    260
606    405
45    111
696    245
768    121
378    40
873    300
253    655
312    660
63    748
812    294
618    443
465    428
661    972
655    287
727    206
661    230
882    215
878    286
382    334
437    415
466    184
879    1
606    963
504    440
660    230
727    29
244    249
481    484
892    441
594    357
848    99
458    603
518    288
658    7
450    300
829    640
13    202
694    511
864    123
853    292
881    141
535    699
56    50
606    260
825    258
852    841
508    208
845    1434
430    528
789    50
85    1070
878    212
780    187
572    319
843    672
553    559
682    881
682    98
892    661
598    347
491    284
545    117
864    245
901    509
450    511
825    281
380    215
640    346
727    127
886    173
22    62
533    934
64    132
897    214
577    627
788    1277
623    216
533    182
586    54
212    317
699    127
606    206
498    10
492    527
18    59
520    310
760    172
43    546
907    1057
568    641
905    333
339    222
499    663
798    1283
897    478
553    275
826    53
263    199
378    89
892    73
506    186
759    1
648    219
896    318
344    22
639    528
894    638
293    235
682    246
788    1273
751    538
655    79
276    531
222    654
899    216
716    520
370    525
493    174
805    93
778    56
704    344
586    1249
894    288
319    301
642    732
824    304
239    209
456    1134
537    963
456    1240
654    137
650    603
898    319
406    582
406    485
823    423
826    588
484    419
13    274
908    56
684    282
159    866
821    234
796    720
826    56
558    283
655    709
788    519
813    358
896    82
776    196
539    269
624    1
294    276
412    357
636    813
882    117
908    156
650    423
466    82
788    222
452    70
648    89
823    155
795    182
852    181
561    676
388    1
174    280
802    760
864    176
659    1172
756    210
782    292
378    382
489    349
647    568
878    736
804    1047
520    294
896    222
528    31
828    306
705    148
733    149
804    472
881    655
719    378
847    367
896    98
399    845
864    217
457    1119
828    224
717    281
899    275
712    738
92    451
723    191
806    511
833    1597
627    2
892    177
747    30
845    1394
919    787
861    275
383    496
532    272
896    526
860    1061
826    229
896    356
542    180
838    187
378    458
90    223
91    69
790    559
692    300
54    245
553    132
634    9
532    420
887    1035
94    177
747    949
535    507
561    3
379    47
766    179
687    895
74    268
883    1121
770    742
908    288
450    749
894    244
648    926
556    318
123    185
805    172
828    958
840    8
890    1065
534    1054
831    298
840    405
567    271
747    1098
748    186
447    294
705    222
456    697
393    1039
280    142
916    229
561    268
514    1039
922    371
450    501
311    699
450    307
625    212
878    416
905    328
805    55
847    144
900    589
852    7
169    538
374    684
896    452
355    1175
488    751
887    692
872    111
746    684
190    328
711    213
619    827
455    449
864    56
25    419
721    107
896    227
637    25
711    169
919    259
47    307
800    125
682    762
759    742
346    68
922    1035
450    713
417    322
629    174
833    636
716    387
671    802
846    486
871    751
833    1154
790    41
896    76
887    710
881    127
178    511
216    1
521    87
889    515
881    943
1    55
71    286
896    436
864    140
682    268
287    168
594    15
899    230
815    127
788    227
911    185
868    210
327    537
807    820
363    549
711    318
754    276
622    1203
747    392
889    183
343    403
903    276
895    284
707    811
892    97
256    228
868    273
79    222
870    396
394    89
711    425
707    93
883    28
372    292
905    282
474    1011
886    171
935    100
922    382
313    141
664    408
897    497
868    919
610    127
346    177
487    802
825    1244
271    470
345    1007
903    288
444    307
843    675
653    526
864    87
659    568
642    742
885    195
183    121
758    505
871    547
942    423
474    174
804    139
583    708
802    53
871    22
892    110
605    70
923    237
768    310
452    100
478    11
864    161
622    581
540    597
655    1111
669    151
768    815
833    511
474    737
909    116
327    181
301    233
889    1070
890    662
145    118
829    222
593    282
604    7
618    218
846    494
896    603
866    242
577    313
889    89
776    564
643    132
275    380
901    12
514    655
763    462
883    1591
554    245
543    160
749    1615
630    323
868    178
306    19
923    472
312    530
458    519
711    1170
97    69
618    183
907    282
210    655
276    586
790    248
782    252
541    946
286    232
846    716
708    713
904    628
901    196
709    192
722    471
790    411
270    219
823    111
567    187
298    121
747    483
897    409
933    523
897    603
807    173
222    100
145    271
174    11
464    257
846    479
145    228
717    126
907    472
642    427
907    301
909    275
488    478
568    30
911    1203
637    1033
303    403
644    330
716    479
854    303
682    232
615    26
567    223
693    144
668    882
664    14
833    198
442    188
363    770
786    222
640    174
667    79
918    419
13    310
838    100
892    472
843    135
308    654
346    164
650    550
856    310
452    83
478    202
912    154
406    521
623    525
886    186
42    969
807    511
523    874
707    1401
686    197
632    720
642    931
868    240
924    526
145    1041
734    213
329    186
13    275
109    63
867    216
593    1221
798    225
790    1039
640    1067
764    227
585    170
716    497
921    288
588    385
308    1140
752    539
298    546
405    205
488    15
10    518
293    11
934    202
85    270
851    1047
541    63
64    655
660    328
922    63
711    86
314    808
804    211
798    485
889    1011
737    58
758    436
807    1089
658    195
851    144
788    7
290    181
633    98
889    127
48    323
878    50
844    300
896    12
710    234
15    121
328    23
683    609
417    506
806    496
747    390
778    42
638    222
806    176
312    813
721    299
535    640
847    444
796    50
592    302
876    19
787    326
703    181
924    283
506    71
184    504
881    134
90    220
907    821
629    223
493    134
851    182
655    1014
643    240
104    340
648    726
903    467
748    181
663    124
655    1499
307    433
392    513
796    549
826    397
798    208
642    401
577    410
654    98
897    8
532    491
747    989
311    747
663    187
823    459
514    168
307    472
847    71
721    239
721    937
649    298
243    631
85    428
385    1070
561    660
10    617
864    12
617    448
881    304
750    303
657    294
293    168
23    679
841    344
454    472
618    288
407    153
899    228
894    937
712    367
919    289
934    228
559    87
757    1240
495    96
758    8
758    212
622    207
416    164
460    1137
125    663
700    531
727    1016
718    751
625    4
747    209
592    340
649    282
634    929
929    474
751    588
650    38
880    123
96    200
393    892
799    484
885    28
940    147
804    234
593    131
766    613
796    623
480    197
936    236
705    227
23    59
896    15
886    651
655    363
598    269
704    648
747    11
883    568
676    303
840    750
881    484
658    273
231    300
840    707
622    159
436    239
416    898
886    549
892    174
655    242
919    5
210    1118
497    719
816    288
890    142
481    498
682    239
449    544
262    476
37    7
922    406
634    676
934    223
401    278
700    318
872    280
655    186
332    226
757    79
921    15
537    190
472    257
385    715
406    558
450    403
488    873
894    381
934    100
833    209
290    993
923    245
92    199
916    222
853    688
934    405
280    392
111    311
618    403
655    23
881    403
796    238
654    3
927    367
899    95
28    448
406    724
76    264
901    679
394    24
666    514
298    549
751    83
823    318
463    16
653    984
790    678
943    471
10    699
788    726
796    100
618    181
885    402
473    246
41    180
148    238
893    410
665    238
754    15
625    423
606    825
670    485
62    237
694    485
13    322
851    595
934    554
593    301
580    271
848    679
746    403
841    333
64    48
887    187
298    204
862    60
902    515
863    268
804    552
645    340
877    226
828    904
901    949
523    258
932    54
198    423
387    513
455    181
834    25
667    28
148    174
378    1074
344    83
843    56
749    98
537    497
795    120
527    214
94    636
608    23
532    339
843    271
807    969
103    294
101    546
442    268
7    132
119    751
758    364
486    831
541    110
712    66
684    1301
474    582
671    17
433    205
783    331
751    117
796    316
543    463
363    176
788    436
771    304
920    682
398    705
389    521
924    1
661    170
747    85
378    292
343    202
10    238
85    204
788    68
109    144
606    204
587    333
659    234
940    474
774    412
901    1620
682    559
7    427
637    685
655    31
458    302
923    3
788    503
880    87
263    196
901    578
265    284
538    172
684    265
807    63
889    652
474    222
668    367
552    100
268    61
868    56
299    642
203    237
893    1215
823    218
569    7
697    284
833    56
750    304
639    661
892    100
189    8
749    584
842    751
748    328
26    293
707    648
303    97
185    703
864    38
788    591
587    258
942    969
896    732
733    286
707    347
661    64
203    879
60    654
666    499
834    294
684    756
620    1503
692    208
463    866
707    618
578    298
130    928
707    527
916    4
460    137
66    535
924    173
176    458
23    154
932    1451
911    835
770    1012
398    96
899    934
659    315
728    116
830    265
882    416
13    49
815    614
233    70
313    232
389    1121
883    770
314    949
561    470
474    423
494    181
926    300
496    559
573    179
909    682
379    181
679    50
731    207
405    209
432    827
751    558
535    86
503    223
666    7
696    1126
773    154
497    394
720    262
308    546
524    796
601    168
421    98
249    223
806    168
214    253
268    273
130    404
883    902
659    159
173    329
407    184
806    210
665    1
14    919
868    408
682    713
639    526
348    237
894    535
931    269
620    138
936    591
897    33
906    475
455    82
606    468
450    776
762    274
613    576
840    7
846    498
875    183
455    250
405    99
600    511
617    656
927    69
160    129
799    289
697    257
361    319
794    275
910    137
692    866
916    212
567    127
674    245
532    240
429    204
655    262
263    23
487    349
927    288
943    226
276    316
479    157
795    167
915    313
151    174
474    650
894    59
674    15
322    1019
921    845
622    532
174    65
546    758
733    713
271    506
912    194
669    216
642    588
564    272
393    1225
313    89
379    524
549    1
297    485
901    174
804    172
807    477
363    589
929    174
545    167
712    495
481    393
239    505
642    1078
24    655
807    491
538    527
827    689
825    591
787    300
807    605
899    746
850    168
503    306
716    11
872    1028
789    111
847    82
10    502
422    333
664    654
751    402
941    7
735    304
709    232
749    661
856    322
870    673
141    984
111    286
643    405
846    692
880    418
11    196
524    855
563    255
711    312
497    294
707    485
693    99
846    1451
821    705
780    286
297    147
669    187
70    257
937    293
623    15
870    646
934    488
881    395
416    942
62    22
823    770
758    1244
846    414
671    849
406    1197
881    405
894    121
712    724
938    370
594    245
773    152
902    306
463    125
697    742
823    152
507    1237
869    294
643    403
393    483
734    313
754    282
916    472
693    187
286    16
863    324
303    4
506    604
711    755
751    154
633    147
676    222
387    100
758    170
715    471
387    172
5    181
474    4
791    301
924    421
751    82
863    903
260    881
387    191
344    628
895    301
698    181
790    716
699    828
169    482
932    213
851    79
712    432
506    2
849    568
757    258
847    173
758    290
316    100
919    100
152    393
721    286
758    722
336    1249
875    496
550    271
790    216
751    494
276    844
763    972
686    969
663    12
409    45
871    270
840    483
790    550
332    568
160    157
894    1658
554    95
286    81
804    443
416    491
296    9
387    1187
194    515
388    328
239    276
897    616
549    121
692    523
682    88
437    716
833    67
507    751
912    14
671    184
650    719
668    137
831    713
298    356
766    474
916    221
882    50
648    565
838    22
831    603
727    520
488    322
51    692
758    571
802    196
387    28
756    91
892    321
883    647
655    246
800    223
459    50
587    301
693    88
669    514
523    255
501    108
825    619
25    134
259    271
504    356
747    959
741    480
535    258
391    705
597    289
815    423
457    13
778    144
199    751
738    47
568    303
738    568
886    1170
934    2
712    794
201    201
627    655
753    657
919    676
586    217
308    1074
505    97
692    194
807    699
727    90
889    151
923    334
330    284
847    96
385    488
521    679
601    178
606    118
526    302
673    286
442    181
786    176
889    235
918    495
138    474
936    475
436    747
705    597
279    1070
880    770
277    100
476    451
766    630
506    705
806    789
890    1149
625    176
848    650
795    319
606    591
346    515
772    315
593    977
45    181
452    265
671    838
90    1201
577    1054
871    549
747    162
244    528
303    484
592    1071
939    818
75    117
291    151
880    180
829    509
798    49
619    298
207    428
766    432
276    425
405    357
883    286
496    195
704    69
165    326
279    269
834    405
744    307
555    328
802    326
416    293
854    133
805    56
332    225
194    715
472    191
648    746
807    546
748    208
521    208
798    951
505    358
819    300
763    392
916    1
843    177
653    62
288    258
548    659
716    692
48    243
13    187
429    380
642    496
276    215
759    220
54    405
826    420
656    302
623    228
924    13
885    660
919    240
934    963
788    405
815    87
870    45
712    944
721    332
1    216
699    1163
650    1627
861    531
807    254
325    511
188    11
587    319
846    367
574    242
919    11
875    511
602    261
880    1095
896    8
886    425
774    1016
847    1007
830    96
882    205
582    919
789    249
889    144
398    100
276    975
630    181
326    474
790    485
830    195
919    628
846    642
389    654
532    1217
378    216
880    217
830    679
745    194
472    294
642    21
849    121
835    25
747    404
889    262
214    276
94    465
455    553
770    929
859    287
916    1005
763    483
854    9
611    340
796    934
588    625
903    185
506    516
13    863
768    14
887    411
42    174
724    873
540    332
758    23
839    121
915    321
717    303
504    620
691    178
541    151
25    204
887    431
60    175
852    969
846    697
825    825
737    475
850    22
655    480
773    386
666    293
426    404
343    387
198    367
416    510
815    684
796    797
741    50
505    328
812    328
536    222
936    275
811    308
749    284
931    255
479    584
594    269
524    69
916    228
921    121
474    652
645    72
943    174
868    382
823    215
659    56
327    393
612    864
659    294
130    330
848    489
788    589
643    504
586    576
724    268
474    1221
347    696
279    1039
514    195
807    1066
479    202
694    194
543    188
637    742
621    40
889    237
898    358
380    79
653    628
498    7
887    470
890    50
875    55
664    642
840    154
889    282
881    233
771    588
643    515
226    12
648    384
880    82
65    237
343    531
406    100
113    333
770    333
843    258
807    172
878    19
870    65
836    327
110    29
500    168
174    284
623    603
590    1331
521    273
766    523
504    121
301    24
864    237
712    238
426    484
889    544
71    98
524    495
645    654
921    215
833    175
286    473
921    202
645    30
851    473
896    658
503    237
450    725
840    708
854    150
734    28
416    631
232    172
727    28
660    435
618    111
903    282
823    425
793    100
936    813
749    227
669    168
236    282
454    687
943    765
807    588
645    506
731    486
642    368
788    9
905    129
933    168
921    603
934    660
514    796
460    19
805    665
792    125
893    118
769    118
887    597
523    432
880    49
94    188
414    313
393    982
887    412
643    568
555    89
859    282
848    805
567    612
869    125
648    596
880    577
682    237
101    763
906    742
160    59
782    534
894    61
758    82
882    79
883    971
624    1012
798    585
328    651
305    66
847    25
345    469
727    67
885    169
936    1368
240    286
472    200
863    300
302    271
697    369
417    418
11    393
588    168
747    811
861    319
654    588
484    720
899    291
601    921
760    111
818    269
851    340
942    322
541    993
885    274
806    230
798    498
304    323
846    1218
719    655
880    956
807    28
620    406
568    488
747    1020
880    260
899    255
698    10
638    211
843    1065
527    279
453    763
836    531
42    168
861    286
880    1258
849    676
883    1462
774    187
122    519
764    50
275    230
859    476
119    315
396    118
499    328
851    48
870    135
828    1462
792    363
885    584
682    174
889    847
890    520
417    771
916    265
474    55
883    1227
883    386
921    924
454    588
724    338
788    241
858    333
409    603
455    924
664    482
297    34
864    399
667    315
536    86
297    479
866    269
896    317
437    100
641    336
761    117
806    288
436    469
334    130
363    153
849    421
927    72
892    222
829    310
605    135
615    1065
773    675
345    393
538    208
548    750
222    431
854    173
201    217
13    362
885    225
659    506
847    125
860    508
916    76
588    66
389    430
892    612
933    157
352    174
619    161
843    179
679    109
913    518
747    320
934    501
63    257
890    447
916    181
655    674
896    591
670    519
246    111
399    1
123    134
757    323
106    9
655    30
782    888
381    1060
595    979
473    475
650    73
721    64
826    265
601    260
896    85
746    597
835    234
517    748
823    89
315    673
667    487
617    611
608    59
493    974
831    144
608    288
573    654
325    71
752    333
896    746
807    102
59    116
864    655
921    196
936    325
886    544
709    5
735    331
622    24
719    215
885    625
749    393
715    195
523    408
504    735
905    873
554    50
795    746
343    425
848    582
870    50
18    15
427    881
25    612
870    273
905    294
883    313
497    33
691    650
815    83
690    1
551    153
625    855
930    174
936    258
861    26
833    455
639    283
836    42
764    864
938    676
94    233
670    474
76    919
570    268
936    269
711    71
681    750
560    302
373    471
302    333
894    293
563    321
890    127
908    419
787    328
541    678
173    881
805    1119
823    141
840    656
891    409
566    168
527    23
458    276
902    423
561    24
653    38
654    1014
883    153
867    1154
921    222
677    455
590    591
933    195
892    210
889    480
815    91
716    79
368    844
406    1170
758    79
259    168
712    941
406    57
846    792
883    61
846    785
881    22
864    549
731    190
823    1070
735    123
934    435
632    100
92    369
326    429
602    508
758    199
835    28
788    89
919    283
758    230
495    210
806    131
253    751
151    143
906    270
135    38
804    671
561    117
792    762
498    479
924    480
178    203
878    855
889    23
253    4
437    8
6    216
606    273
296    153
752    269
399    1207
328    72
936    1163
654    24
815    79
514    188
321    430
747    1021
910    273
749    1188
836    163
798    568
896    9
484    121
878    276
659    611
664    95
514    177
854    58
796    1055
354    714
936    274
826    779
927    143
815    230
474    1124
821    471
810    328
584    228
880    250
881    95
83    479
453    55
938    756
606    833
830    427
916    164
627    82
64    435
853    304
506    333
913    200
244    924
666    23
901    435
378    313
815    97
18    142
790    135
883    208
886    1010
605    508
916    559
119    727
925    260
851    327
897    208
846    448
794    224
806    128
850    659
588    697
577    763
184    676
450    61
554    717
932    654
897    135
565    86
934    614
535    848
764    371
381    268
892    663
177    156
922    433
805    928
915    347
798    432
806    879
881    756
903    188
671    66
894    7
756    228
152    568
365    319
678    222
102    174
486    100
899    161
870    1451
855    919
907    356
886    12
683    327
314    812
13    28
804    629
846    141
497    372
374    825
63    10
772    264
829    705
886    156
932    193
898    343
44    175
425    228
870    98
709    38
536    275
782    300
13    358
894    165
838    93
933    474
880    763
848    427
806    484
174    143
393    66
510    326
140    321
615    153
130    819
781    69
909    382
503    86
904    275
454    71
938    1016
698    357
868    498
92    25
792    742
429    507
295    1050
655    1153
94    127
542    90
4    360
881    490
894    340
875    327
932    56
758    68
226    474
833    64
699    20
904    274
846    177
881    573
99    174
734    95
592    1264
659    345
883    511
804    495
875    8
823    230
870    172
751    7
825    222
870    651
338    479
661    204
716    31
880    393
749    202
885    423
688    302
401    591
416    727
682    378
872    121
387    324
176    181
788    470
762    256
280    364
489    328
712    78
913    204
513    257
489    300
544    346
462    322
877    738
661    179
711    447
868    1206
782    331
561    639
503    381
747    96
899    427
497    172
195    135
916    249
694    180
788    520
479    154
339    250
710    271
448    874
891    866
279    482
64    693
276    23
303    831
938    50
847    191
846    218
926    313
554    7
716    227
882    194
363    39
683    879
734    22
773    318
847    141
882    191
903    324
896    195
642    385
864    186
696    285
777    9
472    264
303    240
837    472
887    845
632    2
883    945
13    522
782    340
810    881
541    90
870    132
293    315
911    1039
835    160
846    134
707    936
862    7
280    946
897    176
660    423
838    124
806    504
893    290
699    269
60    592
940    529
916    642
708    628
892    566
940    213
880    1620
618    416
883    1118
767    481
870    31
916    684
864    66
847    196
904    732
588    821
462    328
933    89
694    506
69    222
924    114
891    476
889    1065
907    1048
802    665
721    380
318    208
897    418
872    282
855    512
535    429
882    131
18    28
878    154
393    392
825    456
904    682
573    237
751    21
906    405
593    88
892    72
653    333
870    428
622    1411
907    686
494    204
330    143
503    83
834    286
746    233
10    12
916    1074
583    286
878    216
825    106
642    121
796    385
406    674
928    173
868    154
835    285
883    1171
682    144
184    197
911    506
733    276
645    746
757    472
870    945
694    484
885    735
773    732
897    196
412    195
342    42
882    196
870    653
914    781
916    198
593    496
930    255
621    3
892    233
75    222
592    287
684    73
276    636
495    208
397    529
458    969
716    419
894    313
416    470
592    985
883    805
934    153
537    381
878    152
659    186
684    732
859    458
426    671
838    568
373    735
854    83
270    1007
894    60
7    86
42    411
763    26
379    707
892    1118
622    231
889    98
715    182
851    435
817    294
363    789
797    298
881    43
165    202
881    96
18    962
917    237
894    70
864    404
699    206
751    486
538    174
796    1039
62    276
422    271
943    406
94    1065
929    22
645    92
457    160
60    228
555    301
868    755
932    427
912    653
862    498
66    300
859    118
796    778
774    214
419    69
686    50
807    515
846    215
455    172
600    568
716    72
934    498
267    12
509    181
862    1009
894    960
730    151
661    180
193    347
916    566
907    71
920    288
892    129
880    147
591    283
786    484
706    24
716    489
643    357
425    27
723    178
846    213
551    143
541    623
567    83
804    182
883    778
863    286
852    264
737    160
886    693
346    226
417    1411
809    315
663    1067
933    56
159    597
494    127
854    168
862    678
430    297
894    276
892    64
250    159
320    51
571    181
846    497
267    959
913    100
244    56
690    127
666    50
416    624
872    294
296    659
889    147
536    95
910    124
872    717
567    303
870    713
918    1195
799    331
919    82
585    286
397    591
413    100
886    659
896    1045
868    547
716    234
115    100
545    684
535    504
843    1
145    249
830    49
815    1133
901    151
743    340
827    332
225    478
324    508
924    200
180    655
646    880
406    210
280    318
447    762
608    340
877    690
398    97
921    1051
102    1
880    1017
327    183
100    271
406    294
429    80
916    1101
942    750
894    212
157    1016
214    518
836    523
738    109
892    484
378    1168
825    597
640    175
303    81
820    286
848    134
777    692
427    334
795    68
923    293
464    50
738    528
931    126
930    116
642    1058
841    258
862    546
777    652
932    493
329    534
911    173
894    270
642    1032
151    664
645    288
734    705
416    303
536    205
367    217
918    381
325    172
880    151
880    63
932    96
943    204
804    167
943    132
307    708
932    510
747    169
831    508
747    17
867    257
854    197
642    794
851    349
862    969
156    100
661    31
877    14
876    22
776    860
932    491
867    855
721    682
532    99
796    243
889    59
927    195
121    1
886    95
100    898
691    205
862    185
715    692
932    705
38    678
606    180
788    402
650    71
846    576
49    256
536    549
886    762
634    1011
541    826
846    1249
892    28
560    1016
606    63
933    69
908    172
630    195
808    748
880    657
890    521
623    70
846    421
874    521
846    728
1    172
867    678
936    1068
885    172
506    172
942    689
705    15
727    451
861    116
393    866
714    118
892    447
106    318
919    535
892    523
922    68
425    4
435    177
777    288
85    715
916    211
370    14
870    89
854    222
536    73
109    385
848    1063
922    11
800    237
715    183
911    197
318    629
716    430
903    238
566    388
738    152
807    602
451    258
559    56
627    658
940    150
758    566
450    795
768    272
939    424
932    9
60    15
757    69
776    607
622    176
841    316
896    1119
807    408
813    326
881    568
327    156
92    233
559    1401
862    495
910    222
557    739
749    234
548    164
592    170
929    50
532    161
883    198
339    143
782    895
796    284
894    702
912    418
908    205
635    150
788    167
844    176
815    527
777    196
892    478
711    228
634    292
936    294
543    461
804    257
457    1
620    260
495    637
437    210
171    272
186    147
907    1054
832    307
586    222
715    121
216    147
363    652
918    709
778    226
770    297
673    313
883    367
810    339
618    148
675    272
827    326
560    257
821    707
538    204
889    100
671    219
851    252
840    675
121    318
942    300
481    500
807    472
622    249
851    825
907    121
693    9
821    495
805    405
535    1101
870    208
468    772
45    764
306    285
807    743
878    170
725    111
916    276
892    125
907    120
764    231
896    715
795    144
936    1377
836    302
932    836
295    582
897    649
436    1263
794    13
840    183
796    591
880    172
757    403
916    1014
85    1075
683    346
148    164
693    662
429    44
935    125
933    234
916    844
339    736
707    923
759    294
908    483
921    259
911    151
95    433
904    815
855    166
913    729
62    528
812    682
224    126
864    729
833    4
889    28
711    157
666    513
627    526
804    455
942    435
819    147
709    697
689    1
347    693
916    83
867    328
804    229
669    125
455    546
919    301
56    405
779    252
932    45
297    690
940    82
655    956
568    134
890    604
627    660
405    79
896    845
708    740
276    92
835    632
658    192
879    118
89    451
553    605
734    121
308    396
373    79
279    826
727    83
276    413
918    971
221    1208
798    815
847    172
923    926
435    333
934    313
130    794
851    717
661    58
936    321
721    748
537    703
682    1221
850    95
90    500
907    405
655    45
770    473
854    482
542    384
716    298
280    222
943    228
398    153
547    269
899    499
839    181
919    183
682    54
690    106
927    174
874    137
889    1152
889    658
507    258
840    435
793    405
676    912
432    1012
70    227
194    208
593    313
519    346
334    304
813    300
483    227
885    476
450    1126
397    12
27    123
395    258
936    319
918    520
643    79
825    285
714    369
861    737
185    302
621    79
749    483
916    238
553    178
893    69
880    684
877    744
576    100
753    328
582    240
758    211
439    1600
880    194
877    662
921    257
880    287
886    65
691    735
354    210
748    182
472    1029
671    1303
87    849
64    197
846    195
671    553
740    258
938    252
938    245
280    12
393    934
697    225
805    71
894    1007
867    197
76    96
711    316
500    93
936    100
852    100
467    302
504    125
38    420
650    62
839    458
910    127
94    151
641    432
883    26
757    554
294    294
869    249
851    161
896    211
919    9
638    210
916    157
916    172
801    271
942    678
49    813
751    210
453    781
109    595
647    147
379    317
918    972
663    833
674    181
893    121
823    919
758    237
760    748
880    475
788    531
375    234
927    426
848    523
934    624
907    312
806    180
919    111
554    1028
373    178
21    53
839    333
916    137
935    181
465    835
932    99
943    427
521    239
917    289
478    32
923    1
916    226
574    312
310    1142
531    313
610    485
924    1149
286    537
882    230
125    222
917    255
65    9
864    121
846    428
627    518
774    177
840    176
537    527
727    198
749    203
868    655
382    168
871    1176
77    228
892    477
588    356
592    603
758    307
882    291
87    180
609    15
922    385
130    233
886    204
276    772
805    144
874    285
872    926
363    313
82    484
912    419
799    306
926    245
889    949
803    305
758    320
436    856
13    400
871    402
547    751
825    1011
876    286
916    421
321    59
495    393
896    478
350    429
495    590
643    572
392    528
880    527
605    111
844    12
334    161
874    654
934    204
806    1059
928    276
894    874
293    507
827    286
393    1419
452    98
290    378
726    832
889    944
923    249
727    235
850    79
665    496
677    240
551    833
930    190
378    735
699    3
715    144
848    855
158    431
450    1061
805    210
642    553
869    288
919    255
903    192
919    302
632    566
279    83
709    841
903    81
894    250
671    273
686    179
577    88
7    152
704    523
416    659
564    258
363    168
256    230
848    173
764    98
18    959
867    89
481    211
943    196
686    318
758    471
601    198
17    222
262    70
868    174
836    185
923    866
642    756
82    237
766    161
923    591
940    430
423    508
587    539
501    928
458    435
916    80
684    98
569    328
625    961
582    25
786    196
889    199
829    284
660    196
344    173
109    924
457    227
864    619
790    62
763    132
269    823
119    1264
766    238
312    430
698    515
286    72
535    638
896    210
387    727
829    255
765    283
790    451
504    371
864    328
648    50
881    181
907    143
488    56
289    363
160    952
868    230
933    1183
141    591
697    886
493    249
695    340
420    547
843    1039
887    218
933    88
537    86
919    539
764    732
909    326
821    294
758    919
224    731
361    367
555    405
626    327
592    1012
821    14
880    627
804    197
140    288
917    628
931    272
805    153
894    280
296    137
549    405
916    156
269    124
806    518
85    1166
523    949
896    647
174    88
897    609
590    124
634    408
279    779
749    845
894    330
749    443
344    302
293    127
506    686
347    427
537    192
497    584
883    952
894    166
893    96
269    515
892    162
708    762
318    340
912    427
798    443
643    39
766    498
939    237
43    591
496    660
741    151
892    208
892    157
864    418
854    528
524    481
606    576
840    432
889    550
903    1381
23    227
694    705
535    1170
889    8
806    209
935    117
930    410
903    50
828    346
130    121
766    91
537    443
806    421
