286    1014
308    1
278    603
178    332
201    219
194    165
222    366
62    498
250    496
271    346
222    750
286    379
299    111
90    98
254    164
119    328
256    452
259    255
194    181
87    554
70    746
295    218
297    133
130    1014
13    198
95    135
200    304
94    343
69    256
92    229
142    169
130    1017
308    640
7    163
279    1181
268    436
128    15
203    471
111    328
285    191
70    431
184    187
307    174
45    25
308    427
128    603
72    699
178    845
230    742
279    399
107    333
60    430
7    497
42    588
236    632
72    866
90    25
234    318
92    515
201    272
13    823
42    44
232    52
118    774
272    317
167    659
44    443
194    23
7    378
95    233
303    161
244    310
68    237
11    227
218    208
72    568
196    393
145    56
239    491
60    162
296    228
313    478
311    98
84    121
244    790
13    181
207    107
291    418
193    1078
276    419
62    59
184    98
256    472
21    324
299    847
184    602
262    174
248    117
145    355
118    654
99    403
97    670
190    117
214    137
151    835
44    240
276    1081
10    285
138    517
279    1162
164    930
152    111
277    255
25    208
59    77
210    527
239    81
65    1142
303    1109
11    723
106    582
81    280
237    191
72    28
184    660
279    144
282    288
265    471
51    182
222    1042
48    309
297    588
116    751
316    98
296    855
222    1044
130    542
119    718
268    364
312    28
301    660
180    68
73    56
256    25
145    472
95    527
59    148
313    200
291    1139
135    1208
207    716
269    235
269    9
92    731
176    258
249    708
311    83
160    56
59    215
106    778
112    289
5    211
92    24
189    1005
297    307
239    187
267    403
269    793
270    370
83    338
207    4
185    269
297    218
10    504
276    246
7    581
184    155
71    134
12    300
148    70
101    252
64    778
271    220
141    274
99    181
62    24
262    96
72    528
60    604
204    340
104    249
239    478
221    780
280    128
94    89
326    22
151    969
305    923
191    752
249    11
59    433
13    848
308    378
151    402
301    174
40    880
53    174
59    12
246    8
95    416
200    241
297    628
318    659
173    323
315    305
158    414
267    238
123    192
85    647
25    228
286    7
178    234
289    849
61    328
90    631
234    71
291    54
311    662
248    174
43    284
320    399
151    480
222    323
95    174
178    148
288    196
279    1228
256    692
154    175
178    218
94    157
311    495
311    181
99    508
318    64
215    157
57    409
176    288
276    11
109    89
102    432
87    1000
217    82
112    750
160    3
25    478
269    478
246    121
295    67
250    260
295    727
189    462
130    993
170    245
87    996
48    690
311    73
145    315
253    203
261    294
62    1118
113    294
207    746
13    918
130    568
178    131
279    174
174    1014
23    213
178    926
87    163
222    1053
222    69
280    975
246    596
255    185
267    94
144    1147
188    159
85    269
92    928
7    22
301    184
95    176
289    1
158    483
259    210
65    97
116    750
62    28
327    805
279    249
323    127
239    317
145    339
256    642
26    286
22    96
235    85
214    179
326    168
152    716
109    218
17    151
303    576
177    124
8    182
291    122
301    384
87    67
211    678
207    1242
178    549
83    866
154    484
126    884
334    603
297    22
276    58
133    328
200    191
34    310
256    291
25    174
116    1082
207    273
186    977
31    302
118    433
315    531
267    226
197    510
130    204
262    292
207    642
235    898
201    480
91    507
168    1197
178    427
244    237
151    169
298    151
271    204
42    781
126    258
339    132
259    176
190    742
90    486
13    509
28    12
216    249
296    961
312    98
70    423
329    297
291    17
95    211
44    55
37    56
216    298
125    22
46    333
276    66
271    345
234    471
151    175
52    498
7    195
138    285
307    193
320    433
328    216
57    294
234    491
43    403
327    497
297    176
213    8
283    83
249    182
156    58
187    732
59    1116
197    181
144    237
280    225
221    684
104    283
318    286
306    306
314    54
144    880
159    930
13    856
7    642
85    709
70    71
342    746
301    95
11    734
286    142
72    204
180    121
328    523
128    1141
11    215
262    15
120    282
201    461
6    19
130    413
136    56
60    152
343    1107
343    55
7    92
151    241
297    31
48    661
303    31
344    479
246    109
46    1062
49    53
145    552
214    208
53    228
90    307
301    9
311    38
311    471
194    52
28    480
217    797
56    368
13    88
69    1017
268    123
249    469
251    109
184    126
158    809
31    135
1    6
10    22
6    523
338    168
11    97
12    471
269    482
187    427
57    56
7    10
77    153
295    378
254    501
308    511
317    350
79    124
114    1104
134    748
184    92
194    51
271    657
56    31
272    172
58    248
43    216
251    258
279    418
6    515
256    1028
198    11
268    228
197    328
210    501
18    530
106    77
191    896
11    203
343    82
126    323
58    347
343    47
267    597
184    645
94    203
244    1017
293    172
201    357
85    639
293    68
279    1500
14    13
195    298
322    192
262    275
194    317
347    1035
340    1
25    498
23    228
303    410
59    569
213    509
59    7
298    144
2    312
233    174
161    56
95    737
237    1192
152    220
135    176
16    228
255    249
354    257
214    1039
117    168
10    656
119    486
189    652
277    129
191    307
11    435
269    654
156    12
267    324
94    693
327    215
113    100
325    177
122    553
10    64
286    191
295    153
343    275
6    481
7    657
54    327
296    279
92    281
91    265
216    172
277    117
24    508
234    1123
235    474
109    742
144    900
49    3
268    1059
42    25
244    208
115    530
157    407
149    269
216    95
179    305
339    12
355    300
334    207
201    708
1    212
42    692
218    265
338    310
58    156
65    197
323    886
117    751
177    150
184    88
106    923
323    22
271    83
250    1
283    627
59    382
234    95
71    475
244    90
12    132
222    4
130    335
275    89
268    267
190    118
279    240
39    333
247    257
293    99
177    318
70    176
96    170
72    515
33    343
116    661
343    423
147    269
101    815
92    628
311    275
365    1017
333    739
24    25
116    199
311    588
184    208
196    238
83    465
130    22
244    232
7    618
201    204
197    344
89    26
184    255
87    796
90    42
109    117
95    471
234    237
62    173
217    185
230    582
141    237
244    20
293    23
18    960
184    202
346    218
82    480
6    467
193    485
210    202
144    298
12    191
355    310
216    824
334    716
265    409
299    127
72    210
14    14
239    493
254    222
321    180
87    208
345    297
213    135
314    147
288    317
354    480
321    709
14    498
278    347
234    965
297    135
89    707
93    476
92    527
43    993
95    14
42    12
67    121
130    685
294    147
128    790
332    288
2    280
117    358
286    89
346    237
146    262
15    754
332    332
85    1167
361    652
314    693
299    715
276    1172
128    300
305    249
256    49
118    511
327    478
268    17
69    1143
90    166
291    56
160    209
260    272
128    602
377    443
54    121
189    505
5    153
151    505
284    344
345    949
200    578
256    1040
359    250
214    512
347    423
305    602
158    182
276    1073
43    54
327    188
74    1084
118    816
13    443
249    684
22    502
87    568
1    108
263    1473
195    421
380    176
344    111
345    313
365    813
216    693
248    198
88    881
239    654
257    288
43    486
305    154
76    150
38    404
295    1135
315    211
206    873
305    239
56    692
226    14
23    405
96    173
209    321
125    28
108    237
312    209
10    385
92    88
85    275
330    38
166    343
59    735
236    420
43    321
64    216
293    208
230    153
249    100
97    168
218    654
38    218
320    278
249    198
299    318
265    15
159    678
23    380
296    238
321    215
224    724
217    174
224    751
224    148
64    38
70    211
332    97
151    489
194    58
330    255
178    1283
259    180
10    156
359    751
151    736
92    190
385    221
330    485
69    333
365    287
1    184
115    511
6    183
194    215
90    100
72    509
49    143
190    269
387    199
178    342
321    276
310    274
264    672
302    307
288    300
41    69
299    216
85    449
235    193
347    588
214    50
387    520
144    762
284    328
210    403
26    237
90    190
308    755
7    450
270    747
297    257
97    466
95    111
201    527
145    592
332    978
313    578
186    257
320    1011
256    866
165    69
334    316
36    885
268    7
335    245
128    48
314    399
152    191
354    900
297    173
193    362
72    356
385    435
6    195
296    14
234    136
303    219
374    200
393    1219
128    568
236    546
387    559
7    498
312    483
389    160
257    531
152    699
280    62
250    92
44    237
269    531
59    974
6    466
389    204
276    436
115    642
348    294
339    11
327    710
287    301
222    357
183    88
125    136
269    401
208    428
303    232
276    649
12    684
52    15
344    195
92    159
13    100
13    71
91    327
30    688
184    582
347    806
267    433
279    290
235    237
130    94
332    728
57    1071
146    313
328    1109
96    435
221    272
151    200
360    197
92    238
308    705
280    157
149    896
208    524
385    661
173    242
94    366
222    722
385    1411
294    748
7    461
18    237
60    673
279    105
275    662
373    179
222    670
296    504
194    175
293    181
92    215
258    315
141    864
151    79
145    895
90    79
87    87
286    168
42    183
288    69
303    735
351    984
18    692
279    998
73    180
303    184
303    237
339    1301
347    829
315    100
387    208
207    568
389    715
18    193
326    233
308    313
270    714
401    486
372    1083
368    288
305    530
64    1141
279    214
76    960
14    9
69    150
396    148
301    161
60    492
256    846
130    729
339    181
178    739
261    988
222    9
233    276
216    108
373    729
45    237
128    14
399    591
379    443
282    338
27    121
59    490
256    77
250    948
156    180
314    763
296    274
387    501
264    745
101    24
77    144
136    42
378    1220
5    417
94    96
301    164
301    1091
320    742
60    495
29    259
13    716
293    64
18    629
126    243
7    589
314    64
6    81
373    386
308    747
379    391
62    815
327    239
367    665
222    202
357    819
10    176
100    342
401    117
368    567
344    433
15    471
14    275
83    663
249    634
234    493
13    290
405    953
175    9
320    123
208    523
378    527
399    486
195    304
96    1232
392    492
363    156
200    768
130    358
361    14
344    228
394    174
263    153
364    289
296    124
30    294
320    892
402    111
380    59
128    209
207    241
117    411
122    570
16    51
359    295
326    508
244    290
331    702
276    14
311    329
276    145
313    473
279    1120
402    255
354    213
1    250
234    196
307    515
283    407
342    483
174    197
13    866
295    318
267    685
308    742
207    2
334    182
355    336
320    97
395    172
383    425
308    238
398    199
1    91
195    1417
258    873
330    1028
274    713
389    100
381    13
405    186
203    7
249    55
119    182
407    205
398    423
279    952
232    98
406    962
269    238
184    410
87    33
6    59
7    205
27    370
183    159
269    55
42    432
387    693
297    272
405    172
59    428
16    76
345    732
210    692
178    55
213    603
72    357
56    202
253    83
352    183
363    473
243    435
91    1050
113    286
181    225
200    215
251    596
54    411
380    753
303    651
388    147
406    605
184    116
293    603
160    604
279    235
295    655
374    540
189    510
7    448
416    125
234    431
280    663
201    89
280    1478
407    211
398    520
167    381
28    479
230    176
406    488
367    56
337    235
195    921
308    921
334    505
95    657
330    172
284    346
184    237
194    946
130    128
347    182
130    184
378    230
374    87
185    939
308    91
376    275
417    3
393    342
87    732
377    154
406    469
296    845
409    497
347    132
95    627
378    596
44    164
406    436
311    86
276    171
60    638
325    475
412    218
301    241
313    628
405    214
326    403
248    179
168    282
44    385
44    214
5    413
363    265
308    509
13    659
343    196
269    655
84    1040
409    6
3    307
70    185
160    328
178    491
10    493
350    176
7    548
313    98
95    432
276    169
382    1534
6    187
280    942
90    191
125    87
410    882
239    305
330    747
308    1421
59    71
92    518
298    503
316    521
91    616
90    517
83    423
85    523
187    191
214    461
29    343
189    135
7    626
214    132
276    74
22    238
327    81
158    222
171    268
125    996
364    288
178    540
406    523
27    515
411    182
425    191
365    1048
222    385
94    61
198    509
406    12
327    234
417    42
7    482
328    282
405    1227
293    56
417    159
172    1172
276    1129
378    419
39    345
268    433
90    312
22    407
64    95
407    194
250    1137
26    322
345    51
248    194
378    194
357    405
200    276
311    315
416    234
39    306
239    195
224    549
416    134
95    747
390    181
339    1248
381    473
194    616
276    588
70    109
423    237
85    209
286    778
184    447
346    143
314    764
314    948
338    792
290    699
244    559
361    100
417    208
234    276
275    118
318    140
389    478
308    124
32    235
125    357
13    414
3    354
11    524
253    496
213    121
15    889
2    301
354    344
401    198
249    218
275    144
87    8
28    89
22    358
249    212
269    505
401    385
210    953
385    485
41    1
334    792
104    147
52    427
284    300
345    25
79    150
284    332
181    9
177    433
299    522
213    568
416    770
43    692
83    977
397    56
349    9
359    24
145    631
244    1054
104    354
406    482
308    147
290    172
23    189
406    675
387    418
342    129
152    22
151    633
221    685
85    509
338    100
94    581
10    420
314    682
298    203
318    657
370    493
128    99
367    326
299    655
421    124
8    651
299    710
438    476
262    358
267    393
389    778
312    114
71    50
429    491
243    632
200    692
378    979
196    692
27    508
431    286
184    1397
174    13
239    175
345    13
109    7
49    738
172    514
312    516
370    631
363    169
293    430
401    435
363    679
200    258
436    73
297    197
311    195
92    508
276    223
329    250
94    288
158    172
436    174
66    281
90    1200
393    1179
49    583
340    174
399    2
268    546
405    527
144    190
426    608
278    306
283    209
7    555
328    511
182    222
435    756
25    114
374    257
329    12
330    1044
76    98
184    67
432    50
119    310
102    502
13    783
373    651
328    690
339    159
18    152
90    483
92    248
56    169
178    696
189    176
377    219
301    194
70    206
328    199
320    405
321    607
28    665
256    1210
1    100
130    627
265    300
405    673
143    325
125    208
301    871
49    1070
341    288
382    1142
305    201
201    1008
342    143
311    322
326    969
435    386
276    409
56    728
58    1103
6    269
345    311
356    333
375    300
235    652
405    386
144    531
130    717
13    821
178    258
89    268
85    420
178    597
63    126
428    332
249    168
354    651
239    663
193    307
34    329
450    462
299    954
64    230
15    744
174    56
416    405
301    222
200    125
280    274
128    282
305    246
450    1269
322    272
351    754
95    241
376    274
313    550
93    477
344    896
429    321
370    257
62    229
184    423
174    272
442    452
198    183
38    88
221    461
207    1147
361    934
62    168
82    199
161    276
168    619
95    286
207    978
295    115
450    659
409    154
3    349
222    281
200    420
269    396
178    458
197    665
267    294
453    125
301    831
243    778
341    887
275    946
156    48
154    527
271    272
195    55
39    300
346    186
43    56
116    730
279    40
216    928
406    732
327    1131
296    652
296    89
310    222
271    644
436    433
334    319
332    684
436    503
295    371
320    38
326    525
121    275
401    65
130    68
276    124
221    403
395    64
106    956
61    347
389    142
391    127
422    200
373    559
7    653
145    620
222    763
274    471
389    1286
181    690
145    796
25    275
440    1038
174    476
184    164
233    249
123    143
437    652
397    657
264    671
89    213
99    273
409    325
312    520
52    475
194    95
58    194
447    68
437    1153
222    248
307    462
398    393
295    142
334    840
406    490
321    20
305    183
184    497
429    26
454    487
148    204
198    280
144    655
330    70
444    906
218    100
387    268
359    246
121    181
450    846
378    636
382    717
14    18
453    697
173    268
367    567
301    1012
454    87
244    628
130    218
194    70
32    257
438    50
90    1020
120    125
241    302
110    423
222    825
28    443
409    527
313    23
7    99
199    508
329    282
298    511
95    190
407    179
59    670
459    194
297    53
269    1017
1    9
387    184
59    1005
457    527
233    509
449    224
213    214
119    52
452    27
90    617
450    400
393    316
272    79
437    50
345    381
32    508
412    508
207    841
399    364
11    168
201    223
95    815
94    318
442    591
406    22
210    411
299    473
406    127
356    326
17    150
246    444
224    1058
373    949
406    1008
456    662
221    568
160    640
145    150
346    92
379    517
117    977
298    471
42    387
85    190
37    27
406    183
417    1028
221    64
130    1039
90    162
154    474
346    22
450    710
472    258
471    95
223    1291
178    123
280    699
436    787
335    313
407    382
450    604
105    288
337    222
189    423
314    278
474    602
177    343
412    526
90    303
386    1016
318    1120
198    187
128    622
397    95
340    588
288    180
410    538
406    692
342    123
1    179
110    69
442    230
223    95
280    546
379    9
271    239
37    127
295    729
343    427
395    338
328    620
190    354
326    208
186    79
88    308
429    282
402    96
244    92
458    178
49    1080
322    513
24    300
91    495
455    56
276    86
399    140
450    1092
424    294
435    382
389    410
293    491
291    761
411    88
56    483
468    39
351    288
388    678
454    164
314    595
189    499
101    181
269    537
374    24
357    1047
246    393
222    475
152    234
254    94
480    190
441    25
183    229
250    271
267    65
226    25
158    570
303    90
95    140
352    89
276    1083
394    39
59    201
328    1112
412    288
115    121
351    327
1    135
256    620
344    972
144    847
240    272
405    302
442    546
389    630
398    1126
332    298
406    1021
262    99
405    625
6    165
102    56
413    181
183    212
455    214
387    233
287    200
416    385
458    48
188    483
417    748
405    452
254    133
237    705
143    272
316    170
357    270
361    525
263    100
487    56
459    322
159    294
303    216
363    566
85    393
195    127
392    180
85    416
45    762
94    225
76    216
454    378
113    328
305    690
152    371
269    197
65    660
5    401
464    358
42    173
119    1052
130    769
324    248
334    762
270    928
450    1044
308    143
311    276
115    4
313    192
130    54
463    100
381    526
458    591
412    70
58    11
244    66
178    846
178    764
401    237
222    282
312    70
18    4
141    121
486    823
18    45
59    232
429    89
435    50
24    238
407    4
299    191
387    64
348    107
419    286
69    1142
102    175
416    423
313    837
445    475
64    97
226    508
327    8
151    631
332    11
345    43
327    4
268    71
1    2
298    527
429    640
305    163
394    1033
122    429
376    514
210    23
308    30
389    172
242    475
325    272
76    42
406    476
158    275
256    118
314    794
456    161
90    117
430    9
305    168
207    291
324    538
493    762
38    97
94    25
429    1035
284    262
151    496
363    752
416    126
487    121
429    1203
312    69
117    172
468    283
6    169
347    1
297    265
207    12
222    176
435    73
487    501
145    879
43    756
332    763
429    481
496    64
58    300
293    856
436    895
456    818
230    570
230    609
462    289
13    606
40    305
416    554
413    257
416    402
130    27
23    275
311    63
7    678
129    286
456    737
43    1047
85    527
486    874
426    132
374    763
371    210
176    475
460    532
16    95
402    864
417    428
425    298
130    269
210    94
345    56
280    29
500    111
472    763
232    531
420    275
476    72
262    433
459    79
334    655
437    517
214    650
373    403
429    15
33    245
396    619
18    211
189    283
472    682
411    720
253    331
286    90
378    924
51    83
344    137
327    1170
43    408
416    531
324    275
450    488
474    265
193    402
85    170
275    196
95    449
472    685
311    215
102    168
450    401
234    1121
128    499
303    53
470    544
141    7
279    283
354    509
160    1012
313    77
170    984
417    475
394    229
495    127
279    470
70    483
210    195
145    486
16    4
387    222
456    1019
488    405
291    469
271    137
7    229
337    471
94    179
397    483
474    508
454    707
474    322
138    182
457    118
177    50
431    307
118    223
373    401
393    321
194    481
341    1025
417    1139
437    276
360    124
125    451
437    88
390    275
254    542
60    357
279    1435
236    591
399    452
308    641
391    318
488    154
389    467
298    58
505    713
94    528
416    93
429    211
145    156
22    431
511    346
315    173
224    284
337    127
504    1263
201    455
445    209
325    434
393    929
472    568
416    692
237    408
210    517
438    118
354    202
174    715
213    143
215    271
506    465
60    735
178    38
31    268
395    231
445    479
387    277
416    682
385    175
145    1028
136    137
206    748
269    582
356    347
500    116
360    483
109    568
224    313
350    185
13    529
417    70
523    114
308    231
198    1
435    62
114    655
495    379
268    324
92    218
303    258
261    687
103    405
59    642
201    772
224    326
472    739
429    166
473    10
79    906
91    135
72    212
333    513
315    176
393    1258
457    258
294    619
374    161
428    879
375    5
232    246
306    321
244    941
525    1
178    1101
224    736
7    419
160    531
178    591
130    532
16    240
271    663
271    614
354    753
102    91
441    9
514    328
479    436
11    69
142    124
327    464
276    73
279    436
354    515
449    117
60    608
450    613
459    274
508    735
525    123
303    525
504    199
493    546
497    100
276    21
401    1016
416    219
493    298
429    392
345    1008
504    75
504    143
339    186
48    496
429    137
194    69
452    203
503    137
101    257
276    462
230    237
156    178
344    70
351    245
210    290
301    228
234    69
464    705
425    445
303    518
454    143
6    522
157    1244
234    137
330    729
18    972
333    153
298    1
60    173
450    13
339    428
491    19
43    133
425    55
358    318
280    324
328    12
295    631
533    949
393    239
389    208
398    49
312    654
465    28
91    182
18    707
314    284
43    86
286    14
456    1168
453    17
345    70
144    244
426    1064
417    562
409    615
416    393
62    91
183    176
407    455
70    83
373    66
307    660
293    433
429    531
417    485
464    116
487    549
451    292
94    1218
264    217
254    28
478    369
371    117
521    69
396    333
295    705
339    508
393    630
474    481
308    715
304    300
13    843
239    50
453    234
305    195
382    14
118    135
478    739
528    58
459    864
239    961
330    210
454    736
393    410
450    502
504    288
16    498
339    197
526    7
387    176
504    276
404    678
90    427
130    159
218    712
517    300
18    166
320    288
479    489
210    821
504    77
246    216
332    1090
194    50
305    792
535    165
456    462
447    111
145    566
534    1047
416    448
504    1135
408    347
293    302
416    917
83    121
188    764
7    77
222    723
271    602
342    196
489    681
252    1
72    118
537    602
485    307
127    62
311    651
208    739
314    993
456    100
500    529
13    292
363    895
230    1
64    203
417    72
488    333
442    1183
163    272
374    550
422    1199
15    280
64    269
486    121
93    1
94    41
64    195
256    117
59    489
499    213
458    182
457    64
194    414
469    923
376    181
535    285
87    781
268    249
389    435
343    302
392    488
57    249
445    959
279    455
311    12
459    597
178    249
542    396
30    304
430    117
295    527
497    1016
416    588
506    176
393    473
308    198
506    402
151    561
95    779
279    150
128    82
293    460
456    523
90    285
458    307
271    135
38    1035
474    591
94    750
543    210
497    268
429    428
339    195
271    441
271    651
346    156
454    133
324    150
393    622
178    654
330    660
23    418
480    510
457    15
145    356
292    209
472    743
36    875
524    527
158    985
504    420
374    1134
45    13
264    185
476    42
512    1459
458    694
25    265
393    479
521    241
497    1407
506    603
13    712
435    196
413    275
498    12
49    420
116    310
472    3
494    50
521    232
521    248
56    191
544    326
435    474
393    1040
535    489
339    474
543    83
474    346
262    485
506    295
551    405
393    1239
535    454
301    559
421    117
279    1361
453    651
527    190
295    105
138    487
194    28
389    81
64    588
484    202
458    663
447    963
75    294
343    63
72    628
425    230
298    118
387    117
343    931
534    1028
456    92
244    655
372    100
184    956
294    240
464    181
85    659
101    597
200    411
495    69
347    28
197    230
276    802
372    332
409    175
294    331
456    919
535    203
454    434
250    100
551    365
393    415
460    149
113    50
188    462
15    310
293    497
472    658
313    393
560    7
540    100
276    144
38    247
116    297
234    528
354    1063
279    1121
447    1132
508    88
1    256
374    97
532    468
454    194
454    655
101    117
393    194
114    180
545    228
532    685
532    591
496    11
500    316
53    628
320    679
363    625
249    117
514    307
504    117
509    751
354    89
318    56
226    224
346    496
194    225
535    137
94    53
456    60
360    357
365    271
345    1012
253    689
537    58
435    42
75    685
474    495
234    608
320    24
533    659
234    319
305    70
532    242
484    69
109    177
464    1226
561    7
542    496
456    693
450    589
48    185
435    713
276    915
378    736
503    488
548    458
99    475
22    94
15    676
563    233
130    420
207    111
451    690
474    521
1    220
122    956
363    578
321    863
479    58
551    318
507    147
508    82
406    357
500    28
7    613
89    702
417    1
308    371
437    12
543    513
450    275
428    272
123    523
514    423
456    505
552    301
505    151
417    174
479    121
60    12
550    255
194    1066
202    1
325    183
546    672
417    218
474    173
318    58
416    298
253    679
449    273
72    194
434    147
457    144
422    127
527    50
354    216
363    264
188    97
308    568
22    175
561    582
136    204
403    845
60    609
521    474
392    328
379    659
547    301
297    13
545    447
442    318
95    89
339    498
561    469
481    238
458    180
486    1017
243    514
354    98
95    77
71    248
52    815
95    705
556    520
354    169
343    58
86    683
276    634
286    969
195    143
301    109
280    315
493    343
457    143
398    502
200    758
41    414
489    260
437    134
416    251
497    792
429    157
373    214
553    131
493    265
503    654
276    24
569    283
24    289
586    628
497    810
303    215
119    412
378    729
216    569
151    474
588    721
551    121
387    428
532    734
536    31
473    25
357    220
331    234
334    151
500    208
385    443
504    655
561    489
429    404
254    181
312    625
137    680
88    319
535    1124
480    642
267    174
313    523
177    217
542    1059
339    50
116    1214
472    117
271    509
417    27
434    237
313    333
561    518
332    282
30    174
157    340
507    689
349    471
308    216
484    50
150    288
131    127
268    544
555    87
257    582
316    83
75    13
592    50
303    64
294    928
201    679
429    441
329    331
425    147
145    603
586    39
178    226
449    753
345    772
549    252
545    474
13    851
416    1048
515    315
407    972
298    588
577    117
551    185
551    355
508    181
348    926
364    319
158    111
95    198
52    19
396    282
60    30
214    135
522    173
540    150
537    922
119    459
83    196
468    181
363    805
92    222
95    141
525    332
378    450
432    508
43    1056
479    216
593    79
589    313
503    430
545    265
256    203
568    923
577    95
577    188
425    1434
393    255
534    240
467    455
602    678
237    197
488    176
201    47
261    243
383    480
450    1172
59    79
214    174
400    286
525    1012
385    511
561    64
265    293
561    616
437    116
425    576
215    127
398    519
6    505
533    196
499    318
119    825
498    50
94    399
472    790
214    608
600    229
457    174
303    715
537    770
222    365
422    201
299    302
256    808
318    892
393    739
342    193
535    1396
18    66
159    1049
198    143
397    273
421    234
42    402
437    254
506    33
378    692
399    264
447    470
315    183
416    564
555    546
292    98
29    79
560    478
144    316
406    381
354    1119
233    194
428    329
532    302
436    287
257    166
495    50
592    1009
194    183
254    21
373    181
606    15
495    282
442    226
74    7
376    11
59    650
313    739
601    419
280    126
249    1011
158    181
522    79
566    235
551    1518
361    98
508    180
573    211
462    321
221    273
325    115
60    528
455    58
417    815
493    176
502    333
421    96
440    582
521    1022
484    451
543    129
506    193
222    28
531    332
312    505
207    712
537    201
151    50
416    50
264    88
606    473
597    300
95    71
283    393
158    252
568    525
409    172
608    1153
200    552
524    712
382    511
280    1473
120    1
589    327
114    197
330    31
293    506
558    19
201    458
488    880
444    313
472    218
567    517
553    485
388    266
425    1419
278    288
429    58
506    404
474    221
217    210
486    762
537    188
498    558
263    194
542    89
315    175
85    496
619    117
486    460
317    299
59    595
518    924
429    265
532    38
308    419
35    879
197    526
117    423
534    290
429    159
447    31
312    1516
144    15
62    568
597    1152
422    288
374    1033
615    87
479    147
231    1
110    294
349    458
534    1199
499    8
72    98
234    111
189    317
455    197
387    93
495    357
399    1219
380    1065
314    216
592    251
593    609
615    1192
42    419
295    427
457    372
456    1328
476    1118
534    150
217    568
365    340
627    26
558    14
384    751
585    1266
533    528
536    561
497    724
321    432
198    923
291    369
509    603
474    382
565    730
622    993
532    1337
449    9
614    117
608    162
533    195
588    73
438    471
394    364
553    492
385    498
417    145
629    284
286    476
608    489
401    509
299    283
52    285
465    87
479    483
553    474
385    1154
417    642
580    1028
394    184
610    483
496    133
290    732
506    234
483    270
503    435
536    501
393    566
178    506
354    489
582    222
244    82
478    763
622    755
426    99
44    211
541    215
588    25
463    116
600    38
622    479
286    428
279    922
416    7
557    872
472    72
458    473
560    281
271    659
608    193
527    19
466    455
454    107
352    194
568    286
141    286
173    984
271    126
312    537
561    13
538    215
634    458
537    357
537    610
606    95
463    7
83    1060
624    50
621    364
546    569
216    42
329    313
566    705
458    425
437    463
6    435
325    319
437    234
588    1039
385    945
114    357
23    145
230    239
313    186
595    928
452    482
95    186
363    523
163    258
561    193
632    622
269    956
23    250
545    161
308    663
496    561
374    77
301    64
373    1110
397    135
18    649
330    501
637    690
418    288
130    589
194    238
27    9
85    813
472    751
206    1062
142    346
447    1046
234    649
587    272
298    22
82    288
306    286
416    1016
85    465
327    357
543    96
76    343
57    8
334    606
21    262
234    863
239    659
207    1049
378    591
532    472
375    302
110    451
280    80
640    53
320    300
207    180
392    246
207    282
144    423
457    86
210    732
450    842
497    114
543    1619
428    538
510    1025
636    222
409    30
411    28
268    50
373    180
638    183
435    588
586    578
642    1469
82    511
622    519
393    109
642    132
351    748
145    405
533    21
538    213
246    228
620    1035
6    272
171    906
361    659
102    218
236    866
49    1021
536    63
506    878
175    172
638    472
603    181
436    568
542    209
642    1415
10    529
412    64
532    419
374    1210
187    69
542    818
416    662
184    845
262    443
618    282
498    275
296    282
624    886
239    428
519    878
454    454
643    154
474    963
286    139
559    210
378    787
3    322
643    229
650    514
648    304
345    79
501    313
457    747
70    411
308    117
543    165
373    275
279    760
472    384
606    33
234    613
577    168
416    24
395    97
621    301
279    558
286    210
479    70
551    222
6    194
597    298
207    185
642    50
586    229
414    301
601    482
393    347
328    315
178    155
118    800
535    269
548    12
191    339
122    1044
6    514
380    12
493    7
320    385
636    596
542    100
551    183
487    133
94    585
500    181
514    735
468    1014
363    56
428    350
332    210
361    178
466    62
48    136
435    684
631    346
214    89
30    315
157    515
66    295
299    171
488    496
496    33
653    272
194    580
600    210
650    552
547    258
168    291
539    58
653    566
119    685
207    471
640    385
455    100
536    83
405    577
552    274
369    268
416    419
648    194
455    518
501    288
629    187
130    465
472    185
466    306
643    56
99    591
450    525
506    403
533    133
555    117
101    7
650    309
618    161
576    56
440    328
387    190
453    238
381    344
504    195
655    52
532    51
616    750
130    315
640    239
295    97
452    64
553    174
417    364
607    382
323    288
615    199
548    23
92    174
498    288
16    227
401    735
592    250
587    259
303    474
435    227
642    1011
618    9
504    106
504    386
100    270
417    433
354    186
648    133
176    237
56    53
529    245
655    185
643    820
623    483
604    201
497    183
615    707
426    1451
393    771
354    81
381    887
403    129
434    819
625    188
518    591
358    8
577    203
403    864
61    333
524    451
518    126
498    186
18    753
16    321
388    628
486    1369
655    303
227    129
504    527
286    888
498    136
659    507
373    746
504    660
103    211
419    615
523    163
429    566
236    750
500    464
536    662
239    172
450    934
44    64
11    15
236    181
645    175
215    28
363    1012
540    323
551    1169
528    615
507    898
655    1097
517    222
419    604
157    597
524    301
311    660
303    251
268    622
582    760
174    246
139    100
643    712
518    1011
170    304
440    1105
486    1375
493    238
65    423
532    305
541    62
457    59
148    132
622    15
532    9
58    135
666    173
234    197
486    93
661    183
617    436
661    132
498    222
595    591
398    496
405    944
353    331
109    15
655    508
621    755
634    1048
262    402
608    506
343    1140
7    631
634    471
9    371
624    258
459    472
664    229
214    93
200    118
254    465
22    201
474    12
535    527
23    55
404    310
474    252
567    648
250    222
653    87
648    748
457    11
537    23
85    513
201    269
537    268
99    210
676    265
643    216
586    239
239    46
267    774
44    67
176    117
90    447
271    477
535    604
495    98
592    339
464    603
372    637
606    1518
472    254
271    603
447    27
70    264
647    117
436    313
284    754
577    560
23    8
425    550
321    32
600    11
291    933
638    89
655    950
200    91
618    190
70    501
650    435
548    333
608    568
591    94
506    539
207    521
587    892
579    173
660    313
293    129
459    969
513    405
608    658
497    248
288    173
494    479
546    349
350    195
528    484
620    895
640    357
664    466
506    380
522    179
495    1046
1    169
97    195
373    169
608    98
135    324
657    1009
301    742
581    100
666    179
271    381
498    160
567    604
148    181
592    81
632    746
588    934
493    404
485    303
503    729
577    132
313    748
115    137
579    56
341    872
435    68
551    5
332    406
462    11
591    48
588    597
193    177
16    98
334    675
561    684
460    1251
299    274
566    673
198    153
605    879
369    316
459    678
83    409
375    1217
458    126
358    1149
632    131
279    763
73    175
308    613
473    256
13    33
590    744
553    617
115    479
545    257
690    384
537    530
567    299
234    436
690    218
7    540
586    742
452    423
527    962
171    303
455    127
385    93
645    55
389    238
363    173
621    722
49    240
222    619
110    272
46    305
173    299
566    529
643    249
457    417
303    171
673    303
385    58
618    720
429    237
629    709
276    160
299    48
439    591
643    228
360    275
486    628
497    358
94    328
271    924
648    174
615    632
685    302
293    404
192    235
474    614
379    516
643    150
437    1599
28    28
291    780
592    173
198    727
177    186
234    154
539    170
584    40
391    182
474    291
262    1135
606    125
690    80
345    255
481    283
346    541
683    268
642    462
85    82
398    602
524    950
541    174
197    183
543    704
640    750
299    502
443    12
507    690
698    512
560    654
59    789
655    1008
595    1061
472    28
650    55
621    561
692    692
417    946
268    831
563    210
466    328
655    77
664    469
548    234
547    333
692    287
406    663
18    528
437    843
545    384
533    22
291    69
12    4
633    172
523    509
250    754
608    185
697    301
665    156
217    403
406    1194
398    73
181    289
82    474
567    484
202    269
686    180
450    535
198    434
506    92
308    496
145    343
686    172
452    631
533    291
352    56
18    704
361    794
569    826
392    705
693    604
532    636
671    628
407    715
514    136
619    1016
603    229
664    450
474    511
633    322
449    1142
707    153
667    318
248    250
710    627
632    81
338    525
493    357
232    250
442    117
359    118
506    173
496    433
268    525
614    717
561    174
221    1267
417    895
579    433
622    705
450    393
19    202
198    69
569    15
459    332
548    1278
552    248
456    845
680    276
327    896
465    172
18    189
505    294
328    849
643    77
190    148
625    179
587    269
602    748
474    182
500    396
533    504
135    203
354    60
716    318
659    317
606    56
167    512
429    4
484    392
601    443
711    64
89    49
472    1110
342    251
561    191
437    1098
507    334
708    268
523    866
606    208
506    660
244    241
497    194
560    358
326    161
454    259
156    515
575    427
130    38
49    1081
12    174
715    410
421    603
535    657
461    304
417    202
69    289
405    81
533    792
560    183
308    196
598    898
694    9
65    402
481    163
270    574
659    492
639    199
454    657
174    371
686    205
452    318
593    866
488    1039
373    1039
425    100
715    231
664    805
625    214
696    1176
361    276
92    268
369    900
472    271
637    50
116    1134
707    154
308    1045
716    196
659    520
503    615
363    435
654    168
487    404
354    381
601    763
697    302
638    228
524    304
393    924
7    402
699    544
267    127
293    180
307    736
386    840
682    379
303    127
727    123
147    304
43    566
622    496
191    316
391    168
388    258
701    297
707    531
524    513
682    157
573    144
94    1011
560    137
588    739
579    65
295    186
561    425
622    212
648    373
711    1074
83    864
324    411
698    210
407    250
49    428
659    699
380    1116
663    280
613    127
727    68
159    405
715    175
115    317
315    23
684    625
450    86
328    723
638    265
429    419
513    250
591    487
650    679
450    287
406    228
567    493
533    31
230    451
456    79
327    311
637    744
674    25
220    332
343    1039
159    250
269    1428
647    134
468    22
571    174
712    542
488    659
170    258
78    237
169    683
727    208
561    10
169    134
586    250
343    67
467    273
77    1
262    278
728    282
425    686
374    412
712    728
658    318
99    651
639    155
447    469
51    136
730    298
78    880
30    252
425    195
653    77
642    1219
566    54
705    233
593    4
42    468
721    632
454    1105
707    1628
655    42
601    22
276    219
422    294
459    258
500    479
661    222
403    472
733    10
1    192
664    127
360    1149
494    65
537    942
615    526
250    12
638    550
566    163
533    1173
686    134
716    484
253    1404
454    77
562    218
298    208
458    134
453    9
666    502
551    11
222    294
589    243
480    661
747    228
393    1051
85    707
632    215
740    748
332    230
321    182
546    977
23    162
716    969
416    1469
389    56
280    528
92    95
435    156
350    435
746    96
746    117
393    1028
716    1039
233    371
504    90
553    191
171    304
406    11
711    196
586    29
642    585
721    259
665    845
563    153
699    479
707    286
56    578
299    248
721    749
654    288
655    740
715    70
474    507
543    157
393    944
554    423
673    750
727    831
137    866
370    269
450    705
699    276
655    86
738    199
286    724
543    272
653    55
592    1014
270    319
234    222
733    676
130    290
630    1023
749    399
223    117
212    735
747    432
702    228
373    184
328    135
426    491
665    393
545    551
757    399
525    124
648    679
751    301
532    135
499    690
585    1005
337    228
130    455
456    357
487    378
64    153
556    12
24    98
342    487
669    300
57    473
654    204
327    302
707    371
634    13
716    405
537    664
16    180
200    405
219    631
474    26
653    742
639    275
393    501
504    1277
311    944
605    176
618    427
537    81
416    216
658    56
526    475
659    269
249    403
758    347
391    490
666    530
7    386
399    332
58    367
373    22
595    181
633    121
130    321
749    151
311    1217
627    76
423    329
63    284
198    480
701    315
286    386
660    201
545    575
296    313
89    1119
629    301
599    888
211    64
644    1620
538    82
758    517
708    328
758    127
749    1089
666    257
92    1
603    294
665    357
593    423
459    879
715    156
398    13
592    900
569    281
372    56
479    751
345    237
303    132
711    1221
182    178
65    655
339    7
506    432
655    310
763    28
711    345
566    511
290    419
648    430
545    82
148    135
536    1115
620    8
8    187
543    180
457    14
732    873
458    286
188    591
699    1129
547    340
315    520
621    298
704    429
495    265
212    86
487    772
344    95
702    313
682    127
664    649
504    196
758    431
318    540
312    506
416    322
230    405
717    290
577    118
42    523
508    132
757    226
288    632
329    199
656    346
738    191
543    742
547    345
363    946
124    195
489    304
758    177
525    289
573    685
452    136
385    529
301    71
610    705
500    59
6    89
279    778
457    148
640    302
373    259
482    50
721    328
687    749
682    41
694    641
535    60
537    1070
259    181
311    39
622    433
551    735
739    79
647    427
271    81
480    64
437    412
629    191
554    132
733    847
766    487
745    177
299    60
699    277
437    219
660    211
580    252
233    216
664    425
42    227
233    187
640    79
294    323
60    708
378    762
665    475
712    622
665    282
588    393
399    132
764    140
450    126
59    510
524    478
615    523
345    566
416    252
573    513
407    656
628    340
117    156
487    55
195    60
417    190
716    661
633    665
758    1085
773    64
312    194
716    25
195    134
327    792
682    572
554    732
698    705
748    71
711    509
663    125
654    265
592    845
740    242
748    496
642    1531
709    4
653    82
770    477
377    173
184    485
514    174
588    275
176    150
543    169
614    756
712    949
758    287
632    204
655    1196
468    172
539    286
254    172
479    264
739    100
625    190
666    96
234    605
498    449
559    385
307    99
715    159
164    751
298    504
6    527
537    262
716    95
577    665
455    95
391    22
286    1119
741    31
661    498
474    436
541    168
442    11
74    302
751    736
751    480
217    96
440    310
650    172
508    191
498    554
399    291
400    690
720    315
608    319
758    192
149    268
695    260
711    215
664    504
727    312
749    86
767    207
136    15
395    252
166    313
437    82
551    204
747    316
648    550
514    425
354    737
225    606
548    1244
687    340
788    754
779    257
452    181
484    136
756    1119
417    447
604    637
640    134
754    619
271    302
622    28
708    50
308    382
773    37
690    94
793    1067
501    546
782    329
774    172
761    148
607    483
321    86
318    712
43    625
551    762
625    173
543    1524
766    521
373    389
307    228
766    202
308    122
751    88
654    660
407    215
391    174
535    482
476    26
796    229
788    51
777    1
682    1410
394    386
177    216
586    385
288    1065
551    774
782    1390
149    300
802    135
180    939
563    781
451    938
758    163
664    45
787    361
582    15
679    69
804    11
538    210
493    288
655    1099
579    333
796    1042
648    172
533    66
308    1515
675    347
680    815
484    82
381    742
360    321
629    467
327    44
378    747
804    31
793    298
141    696
619    22
546    53
535    152
642    216
634    315
770    1
786    86
454    99
796    270
466    68
654    283
581    269
634    717
527    673
327    95
158    188
502    243
677    845
559    508
617    480
416    735
299    512
276    678
796    193
463    301
645    488
706    50
650    96
599    274
327    709
773    92
592    1226
608    305
407    514
350    23
749    195
522    134
655    594
416    2
429    174
16    661
750    271
345    715
608    461
716    211
804    198
624    125
524    186
501    13
804    433
654    739
532    411
387    10
606    175
749    187
734    172
747    497
748    144
308    274
786    187
630    1055
486    245
774    238
421    127
221    94
748    196
342    499
177    129
699    244
727    69
83    862
741    785
109    748
459    815
450    693
472    210
198    531
806    705
537    435
301    431
92    1090
290    323
363    449
330    185
365    846
604    558
711    286
671    4
650    416
655    207
450    431
807    465
766    423
817    748
404    245
89    475
88    354
84    486
476    88
805    176
420    484
474    64
501    111
655    302
758    302
680    15
625    517
514    97
588    747
650    526
5    169
792    1132
605    22
526    508
378    709
776    436
738    298
671    684
555    181
332    125
543    89
710    142
747    205
226    509
404    66
665    815
749    732
535    942
653    385
234    520
224    699
786    180
766    654
236    50
825    111
543    715
292    64
711    1046
466    98
130    329
770    118
339    546
535    194
653    930
593    143
827    329
654    300
416    191
806    654
473    302
749    389
144    1012
804    254
780    357
565    1396
778    239
660    191
343    606
222    237
807    1050
469    474
76    517
655    887
642    168
602    457
487    941
450    1053
577    226
613    607
798    993
661    427
13    835
826    336
826    313
806    483
302    358
693    581
379    227
786    238
539    610
43    729
69    124
778    616
828    1646
94    469
416    215
92    68
747    79
551    346
773    53
757    117
588    554
197    177
639    153
804    473
518    847
378    1
794    238
804    185
578    678
828    887
213    213
495    234
798    1249
712    232
758    271
13    771
747    461
689    111
181    274
659    136
556    134
548    295
659    211
89    736
790    1044
682    710
577    579
697    295
650    527
207    535
807    427
159    1048
275    22
714    7
389    59
461    9
686    182
796    117
823    191
554    282
401    44
426    196
766    127
537    921
116    307
455    549
835    143
308    657
521    2
423    344
749    595
747    967
674    763
314    939
654    736
416    1264
542    433
747    419
763    164
816    258
92    250
781    127
601    241
799    50
551    164
642    204
480    272
782    1477
622    83
234    273
802    441
790    184
463    508
711    99
526    331
450    180
680    117
378    1311
650    288
267    614
734    111
738    257
398    521
839    123
805    183
697    748
313    546
562    141
840    647
520    100
733    1067
458    189
804    164
775    310
416    132
44    636
764    756
271    208
766    419
807    420
741    815
205    242
186    887
599    748
751    436
621    546
487    318
524    606
439    307
704    170
560    1405
174    1086
544    750
468    7
766    188
749    511
738    186
259    484
648    123
326    510
807    584
727    121
670    657
192    7
727    248
95    495
693    7
479    566
293    1333
694    153
790    941
542    97
457    692
644    333
295    451
543    12
665    1009
792    24
655    1170
843    665
844    403
624    276
835    660
610    272
703    410
595    304
295    71
1    251
727    380
394    179
548    277
741    234
560    1265
207    96
48    529
731    662
830    233
565    213
682    12
648    222
385    940
354    496
668    358
537    652
749    175
676    173
234    479
682    578
70    755
648    1110
240    751
535    16
298    419
178    748
518    829
761    288
29    12
848    481
796    485
407    239
585    713
453    684
49    372
527    170
660    347
804    228
468    367
680    285
763    283
303    319
450    87
60    656
551    603
566    70
755    343
20    143
830    225
498    664
733    16
738    233
334    607
627    62
253    427
287    815
487    1425
367    5
666    504
361    228
715    655
818    912
323    93
387    298
21    444
286    955
503    1
89    222
144    127
716    472
786    520
853    1025
245    596
378    392
642    366
758    482
31    153
721    288
748    188
484    385
277    258
833    653
215    433
293    150
591    211
184    813
766    52
796    731
833    154
710    223
606    435
621    940
648    455
791    50
586    295
724    326
863    754
606    93
852    323
768    332
552    405
694    237
823    233
5    189
639    651
802    1025
854    126
686    174
508    234
433    293
606    655
389    945
498    124
835    1153
553    1009
472    386
358    65
542    71
716    28
524    498
683    133
851    338
837    19
751    269
856    678
725    358
666    856
696    313
715    179
381    134
841    748
282    319
249    327
804    243
311    645
796    393
705    284
807    1483
672    815
838    311
714    300
286    747
475    127
417    501
767    176
618    98
650    644
286    22
772    304
643    92
94    417
185    286
642    470
532    833
796    427
85    357
507    121
457    709
699    1068
627    12
398    173
712    1469
694    228
830    227
202    195
572    124
588    51
151    208
221    1437
643    483
796    615
650    200
832    471
782    315
532    1016
498    1073
629    12
365    1
472    33
860    289
450    1303
256    554
600    195
301    323
313    309
796    974
665    1061
271    591
62    708
721    402
59    290
215    88
709    181
332    1042
764    588
592    730
775    307
648    22
838    1115
694    528
797    781
796    815
680    286
872    332
467    1012
276    148
791    286
474    313
804    259
279    257
694    429
650    509
833    208
630    7
868    206
545    202
653    222
397    195
650    430
463    253
823    91
758    732
94    959
568    1286
612    1
488    498
711    217
618    151
843    217
606    735
70    229
843    655
794    751
851    111
833    151
840    169
659    4
731    480
608    1262
772    327
804    925
698    465
776    135
13    323
757    326
561    484
577    143
714    405
232    4
532    107
437    1206
880    307
29    312
478    327
840    66
450    218
435    665
481    173
450    223
823    732
328    58
566    273
864    54
804    222
487    66
815    735
59    472
474    315
678    287
655    212
653    163
798    819
697    979
453    423
160    955
450    1119
457    97
545    968
95    99
655    1400
758    411
658    730
757    288
69    288
618    187
869    310
564    313
763    5
698    294
665    699
43    124
279    1205
867    79
519    680
239    208
653    291
158    174
468    47
841    272
716    648
661    568
593    11
271    124
1    123
629    651
693    651
883    7
620    147
805    661
495    86
845    1592
790    774
592    149
682    467
883    68
682    72
764    1012
328    302
463    283
880    204
643    639
215    272
747    526
823    237
884    116
424    15
256    1033
176    268
709    282
731    204
705    318
883    129
752    301
551    1039
655    270
883    83
763    510
643    204
833    98
851    304
848    185
583    530
728    100
492    56
608    865
624    257
862    198
453    476
846    53
756    566
113    222
290    825
579    88
149    258
806    186
824    991
505    692
495    232
243    111
457    401
490    127
213    55
664    276
840    705
486    995
666    709
880    181
850    173
684    376
423    282
871    1119
679    531
284    270
300    294
779    300
880    755
167    493
328    689
512    258
711    1115
823    140
758    420
621    80
468    216
499    486
645    268
437    79
534    475
870    663
622    204
840    945
535    496
656    270
450    483
798    62
852    597
862    230
710    268
279    364
536    141
647    88
865    245
288    269
676    168
561    428
747    347
699    1011
566    191
823    87
782    989
862    1093
764    173
694    1221
296    181
889    58
244    1467
881    222
234    238
805    174
263    520
518    106
804    679
557    337
334    244
401    371
268    286
692    763
783    264
781    205
848    172
883    224
192    100
805    86
783    269
805    212
846    317
798    795
870    603
561    209
375    773
458    632
790    98
796    271
881    294
806    1071
60    501
868    173
741    496
705    849
402    117
506    873
894    246
648    13
664    194
846    239
647    831
411    276
881    514
663    322
786    99
682    946
642    67
13    531
788    645
52    1085
554    230
187    83
590    116
881    179
838    302
286    116
682    1188
193    121
764    28
712    755
796    173
894    134
703    596
682    249
886    108
666    144
493    173
896    310
745    258
332    307
751    485
370    222
663    1051
399    378
839    220
642    356
7    546
862    429
632    385
222    537
790    288
840    97
741    423
537    272
398    202
880    1284
322    346
617    1021
731    196
271    792
773    176
889    728
758    657
489    902
751    226
369    179
7    651
417    596
707    311
723    169
716    393
627    471
848    95
709    508
782    681
666    607
648    431
409    435
661    8
882    559
844    216
90    1136
699    191
629    132
44    194
75    508
416    614
262    650
721    181
880    1267
277    221
565    515
697    833
804    181
507    50
819    303
291    249
334    753
390    258
864    124
840    638
553    611
6    223
711    52
862    276
650    662
479    66
758    1007
611    301
406    606
794    1
758    864
737    173
821    435
82    125
851    932
373    197
532    79
334    275
898    288
18    52
270    603
515    347
826    174
454    468
312    143
416    938
411    1
747    482
561    479
537    607
758    959
393    333
611    324
897    227
840    884
882    471
875    133
535    520
537    640
539    603
758    1019
577    405
608    262
81    928
387    583
521    89
538    96
332    827
557    197
534    748
886    17
884    179
456    208
682    631
377    258
800    257
39    339
782    539
450    748
881    81
806    433
357    150
629    55
890    324
894    1142
655    8
707    517
682    471
808    302
548    310
409    357
894    249
883    16
875    474
752    305
424    508
647    70
648    566
46    300
804    378
577    298
658    212
175    88
847    448
618    924
497    364
870    272
892    76
805    735
844    151
798    391
537    100
339    823
423    879
746    89
294    258
561    510
907    290
639    52
435    1240
893    264
659    62
796    280
75    79
877    275
869    181
862    413
916    100
918    488
815    436
605    471
617    635
569    273
796    181
456    616
738    81
769    284
433    269
903    409
606    238
913    99
823    197
519    1612
655    250
56    161
660    430
554    273
712    140
450    727
883    256
450    926
506    742
560    284
561    483
305    33
826    231
699    273
847    202
823    68
717    237
910    100
730    276
450    1284
880    728
561    173
412    969
922    161
712    655
199    813
870    470
896    191
500    831
425    265
246    133
577    172
751    490
733    985
537    305
374    203
912    172
557    292
373    856
313    222
787    938
7    602
189    498
896    597
892    63
417    90
733    127
805    412
92    228
727    526
655    766
721    306
423    293
788    409
919    243
758    603
521    226
743    292
854    125
916    781
642    2
572    9
189    486
87    49
861    547
790    96
858    289
899    660
790    781
94    627
354    610
776    675
391    125
545    77
916    244
738    455
909    286
883    715
562    153
102    229
826    435
921    1
435    265
916    170
932    1204
29    1019
13    38
922    72
595    3
804    981
881    196
522    48
795    204
894    332
757    11
622    280
919    19
552    1278
887    235
853    271
345    628
915    310
894    582
868    427
11    121
716    622
334    307
863    332
10    482
334    129
457    1029
536    568
587    264
796    132
537    837
893    294
584    230
130    355
324    690
847    567
602    358
575    182
815    193
919    358
650    393
518    628
747    290
853    258
693    174
484    2
486    21
901    623
864    382
628    1025
642    571
782    898
940    568
872    748
899    172
286    330
940    205
846    967
766    393
152    88
860    300
371    31
896    25
766    386
125    1204
843    191
833    943
559    520
688    359
662    1652
779    109
141    1282
701    328
807    210
474    467
643    169
877    748
536    720
846    2
908    657
894    511
790    228
890    258
616    288
354    221
366    773
527    191
414    886
463    302
480    443
655    170
837    275
104    246
437    71
782    873
880    79
627    358
825    1163
773    958
907    274
344    546
683    880
130    326
889    223
472    405
843    551
608    317
823    13
921    313
399    96
731    136
928    496
773    198
413    327
795    209
918    640
922    249
880    746
788    223
715    227
536    8
804    748
550    1
751    302
932    1184
916    824
629    137
90    275
615    427
709    441
899    25
825    546
881    178
833    432
932    967
913    237
450    230
619    181
788    164
619    685
293    173
899    265
834    288
881    483
920    347
392    589
892    284
436    435
931    678
620    174
913    234
240    242
839    1085
789    1008
669    222
795    568
911    423
435    179
782    1016
639    174
535    427
500    121
595    288
574    346
532    313
823    217
355    689
715    7
908    185
543    61
399    665
699    309
840    566
643    273
721    720
919    202
45    278
773    1
606    281
796    187
941    147
239    483
708    685
610    187
499    208
836    657
790    186
523    407
555    318
586    569
846    168
823    762
541    79
873    294
831    270
276    472
529    327
90    268
854    616
627    7
901    228
828    198
422    248
896    431
110    722
666    118
690    451
916    17
864    1047
472    230
669    915
456    258
943    808
861    382
724    347
495    183
845    1399
561    1039
648    291
883    79
881    755
505    98
406    433
922    588
896    1
566    121
116    300
910    23
896    134
112    328
881    449
453    99
283    100
868    156
918    275
763    39
535    389
923    456
476    746
452    514
165    156
655    236
877    170
76    955
498    480
721    735
880    826
85    519
846    110
109    826
659    693
870    649
476    393
943    356
385    874
568    483
902    993
498    496
886    80
798    1540
394    141
562    591
868    229
864    31
913    127
618    64
786    133
435    210
664    483
577    62
350    181
840    88
426    663
940    8
880    810
30    751
901    144
645    514
484    88
932    566
896    429
69    334
346    182
864    91
923    762
345    91
653    186
931    245
643    121
868    50
784    272
11    729
721    197
534    148
712    398
606    148
883    197
825    257
806    122
479    915
699    762
883    312
768    744
758    98
630    98
758    171
92    729
514    22
676    302
883    405
731    611
373    367
705    193
523    14
532    427
883    692
847    218
798    380
648    1271
826    332
707    1479
43    100
648    153
881    333
918    658
599    476
629    69
476    245
891    15
474    471
267    158
651    285
894    877
648    208
291    717
806    50
664    137
819    321
748    189
49    367
897    485
554    597
610    505
919    325
745    64
344    19
881    524
606    717
796    389
886    229
465    357
886    241
682    211
665    421
490    100
848    642
429    587
619    750
666    48
619    554
688    341
374    276
925    678
429    234
671    50
664    518
29    306
921    252
578    288
650    561
798    949
931    362
466    899
588    815
887    87
880    1197
830    310
889    430
189    1020
479    222
774    215
897    22
661    318
413    289
851    1089
919    1114
296    285
554    527
798    88
830    1
399    24
606    619
897    132
835    633
621    50
875    512
851    147
518    1
936    1086
538    712
664    692
679    748
566    173
840    168
399    78
889    317
844    24
840    1018
532    452
294    93
941    117
360    83
865    302
622    135
830    71
871    173
879    15
474    187
210    98
752    882
379    151
815    191
849    174
90    316
682    790
790    68
864    628
798    194
903    1101
590    740
524    461
654    70
788    963
868    198
734    97
846    1045
498    517
887    365
840    430
449    640
537    484
56    678
867    175
428    302
883    559
650    160
857    547
826    181
663    237
393    322
854    238
758    540
927    79
899    69
659    1168
653    712
787    305
120    744
210    205
286    97
880    801
897    622
92    39
412    214
694    470
844    168
894    223
636    118
328    347
451    678
447    278
144    276
863    748
809    313
503    174
149    345
489    351
194    496
829    170
13    691
654    476
640    269
585    1475
262    255
877    55
338    275
18    242
95    399
916    727
542    42
934    388
912    496
666    153
653    809
877    702
927    41
870    697
883    226
833    240
766    672
289    121
885    946
655    566
711    189
721    323
664    611
846    179
827    301
843    275
932    238
751    215
587    914
887    252
912    482
694    215
868    180
907    1119
542    95
313    511
833    649
767    505
777    527
864    93
474    357
360    651
396    472
200    176
186    55
826    554
552    237
716    662
905    475
500    31
900    480
708    1152
643    179
641    64
777    204
661    258
640    55
46    93
909    1121
487    385
758    479
303    236
682    941
804    64
897    71
121    257
940    317
483    50
186    294
711    381
669    269
919    144
663    173
883    45
816    349
499    915
215    172
934    709
503    269
889    1195
280    112
864    1016
916    2
666    1154
916    317
2    304
472    1139
481    580
849    633
577    174
823    198
240    748
632    196
718    831
727    268
828    510
943    184
36    261
292    282
347    249
892    172
401    678
624    845
356    258
648    62
323    847
847    153
648    7
94    357
913    273
731    283
592    58
943    96
821    161
179    538
389    603
943    373
872    977
763    222
363    1067
776    866
57    323
405    26
843    69
712    1503
553    506
894    1379
234    641
886    1231
151    427
101    866
692    411
889    71
97    173
326    520
557    246
200    470
664    53
721    423
932    428
909    165
913    302
270    234
748    234
665    98
943    127
880    1013
586    288
298    9
715    222
878    99
937    224
722    628
719    88
378    531
902    181
709    209
889    546
764    1
648    121
276    902
758    1023
880    111
936    547
675    1628
753    185
854    274
160    458
804    168
758    430
896    993
653    156
792    926
702    258
543    660
419    28
880    156
922    257
145    449
627    187
747    525
501    1014
545    944
587    1265
653    531
435    194
59    193
616    879
921    227
620    237
905    124
286    280
13    826
330    403
117    931
569    100
758    898
431    269
95    511
648    452
767    183
682    195
45    284
154    496
901    161
653    154
810    243
445    96
187    52
474    956
913    89
749    1023
838    8
850    97
936    301
712    1037
830    172
28    219
554    133
426    100
797    181
704    135
896    157
251    1
868    184
744    156
495    1542
234    82
779    328
727    169
840    492
13    165
741    274
279    1001
790    108
632    356
894    13
755    300
709    423
436    50
498    179
363    312
894    909
896    518
495    1157
739    751
727    423
766    414
452    625
606    959
881    4
811    286
460    312
79    311
755    937
731    213
289    15
722    322
880    1270
814    17
852    840
434    118
295    209
896    64
890    174
886    790
639    511
721    56
234    1101
758    151
749    1092
909    166
457    287
908    357
864    562
712    652
487    24
876    529
804    474
785    1
551    433
447    535
694    603
776    181
373    739
903    105
83    79
594    19
907    596
577    465
346    472
650    136
514    710
892    729
904    451
770    748
767    300
816    294
859    1315
679    249
650    633
429    529
881    27
707    1022
580    286
764    284
747    429
234    31
731    527
608    1063
822    235
930    845
741    66
389    199
857    258
751    394
486    297
655    200
781    318
922    746
903    183
770    298
682    187
551    310
655    1135
486    268
472    176
525    14
600    174
716    506
426    968
276    245
885    154
642    411
303    287
672    284
69    79
854    144
316    582
293    96
22    50
747    8
399    235
607    462
880    584
453    790
803    321
312    614
559    566
912    611
382    496
921    815
560    93
504    225
804    456
684    15
648    569
759    756
751    143
500    755
697    1067
880    55
447    175
697    325
749    402
524    385
63    269
561    230
487    197
808    288
665    756
704    435
883    403
503    546
724    313
807    610
373    459
880    42
561    235
712    395
452    15
113    299
457    135
532    982
308    709
716    605
939    1023
370    523
839    455
456    480
758    116
624    619
479    203
870    856
239    133
854    283
450    76
763    1129
627    628
450    492
758    650
672    874
804    526
731    481
671    89
748    187
757    198
303    46
94    47
927    449
805    559
897    136
880    412
795    152
753    357
330    422
291    50
543    177
481    8
551    280
899    284
330    443
12    88
774    659
749    68
406    150
759    405
779    258
892    229
804    831
265    815
804    282
757    230
308    1147
734    479
752    302
271    100
854    100
675    303
279    1288
345    54
504    382
393    304
796    230
790    405
766    265
503    221
694    163
757    550
291    97
680    242
406    806
885    71
882    172
570    271
780    385
503    190
727    250
883    693
940    628
851    841
393    560
595    111
374    1322
815    419
672    515
506    174
739    498
122    127
592    568
731    485
726    833
870    810
452    275
164    826
936    1007
730    269
44    419
456    209
243    1115
611    353
463    276
618    693
450    546
773    216
779    926
618    550
862    928
585    543
869    411
526    248
263    322
936    1344
13    810
399    526
804    1291
840    134
703    276
373    153
936    1279
650    389
757    183
629    92
713    315
524    22
622    419
894    855
311    443
342    150
144    1028
587    262
687    321
829    462
613    297
315    433
782    1615
634    117
727    774
821    1197
851    129
686    518
716    1124
805    102
707    744
470    129
649    117
847    200
509    338
773    172
741    83
747    168
498    657
159    272
620    181
942    496
720    347
109    257
923    125
295    449
521    566
592    95
882    89
196    269
916    77
342    1094
757    679
669    614
535    488
263    435
586    50
442    470
870    66
538    655
560    109
343    286
942    95
321    1101
494    143
615    48
749    1041
239    116
563    257
786    322
804    636
861    14
793    928
677    91
263    234
200    429
848    265
454    371
654    462
234    464
758    195
600    183
835    371
716    724
682    192
863    321
710    340
71    168
659    183
897    240
240    895
748    83
398    208
380    211
160    55
354    451
804    988
823    606
441    538
715    234
786    203
354    170
851    250
878    509
201    55
318    1160
790    227
830    925
773    59
910    751
316    487
640    62
804    515
416    273
102    241
627    52
634    248
935    1016
932    211
366    17
776    98
833    202
603    22
334    11
653    684
580    121
844    70
770    475
458    475
539    531
905    742
892    132
942    50
907    318
727    179
579    692
548    316
406    472
456    739
267    554
846    720
805    24
851    531
647    29
890    632
585    509
889    523
515    304
840    70
586    1218
711    961
823    709
416    571
20    323
867    1159
825    931
796    568
838    172
511    1527
854    492
657    301
934    674
666    1451
721    292
880    28
897    184
823    56
716    58
94    1010
655    731
498    462
821    845
257    86
234    631
715    173
543    265
210    173
411    603
749    111
486    269
939    1051
844    568
846    265
749    586
336    210
464    510
533    192
937    93
391    301
586    735
843    657
524    310
321    705
531    329
667    660
60    603
233    304
611    342
731    484
790    161
867    56
870    333
943    928
269    1005
833    291
145    77
773    170
398    427
897    416
794    116
666    97
847    174
804    94
825    982
870    354
527    275
580    288
456    191
59    380
486    547
85    1039
804    161
540    117
769    222
916    5
663    129
771    381
735    50
230    499
750    327
883    661
758    240
506    712
495    655
675    86
841    313
470    273
503    347
823    170
459    294
308    449
401    584
496    699
177    144
732    288
735    764
269    11
939    1277
495    418
779    121
90    753
854    194
806    47
18    612
9    7
896    190
770    222
624    121
274    234
883    1592
765    507
924    7
666    381
848    527
435    444
363    1056
296    469
712    762
28    444
694    138
840    216
248    343
235    970
882    211
518    744
566    144
780    210
897    230
761    748
844    83
908    47
58    354
749    48
732    243
846    430
450    322
534    109
840    100
540    1016
833    55
852    25
758    311
854    1
916    163
537    211
889    169
894    279
844    921
647    197
844    45
922    662
579    393
888    100
806    271
318    187
913    168
655    76
648    629
796    478
568    423
757    27
406    604
903    111
406    531
936    926
888    153
882    56
720    321
815    945
892    613
611    1243
751    214
771    86
638    202
802    288
854    56
894    529
603    250
940    173
459    405
184    192
500    313
886    403
234    371
833    1143
766    197
59    81
823    1046
908    527
868    218
749    38
667    182
495    1133
682    729
124    1
351    898
578    346
851    56
184    1086
618    56
900    405
899    144
414    895
881    226
409    206
749    423
760    776
87    134
569    455
10    700
399    328
98    659
788    627
465    151
805    678
174    582
864    96
719    185
816    342
332    552
883    634
393    893
448    1022
692    1132
23    603
779    1
897    436
312    189
707    13
889    484
883    24
666    516
682    128
897    88
429    42
764    151
911    186
716    468
758    737
891    107
939    127
823    79
919    715
694    482
417    537
715    480
749    174
886    48
431    332
752    348
347    147
752    909
178    133
881    188
925    327
851    231
807    503
694    495
748    209
537    633
608    690
796    514
479    335
930    871
658    24
852    1
932    1021
184    837
458    79
878    514
87    152
347    186
788    186
883    289
655    113
804    520
827    316
642    245
805    998
889    562
922    22
789    591
167    86
167    137
711    403
389    274
301    226
650    206
178    69
521    127
618    723
642    1133
44    318
670    245
450    259
866    347
65    66
846    174
102    792
715    31
648    164
648    386
940    294
919    284
680    137
894    248
838    713
639    280
943    42
389    559
829    458
112    690
896    709
881    208
64    10
87    648
919    740
303    7
128    507
899    258
932    613
939    298
259    286
897    470
447    265
848    88
864    609
572    301
870    489
870    1008
796    762
804    108
139    475
776    109
804    529
500    170
660    428
896    705
184    509
399    54
804    154
933    87
504    214
48    302
468    955
723    89
601    100
10    525
796    1163
796    143
286    906
846    288
943    64
389    663
361    155
902    307
725    288
627    79
854    260
919    307
214    896
450    91
892    951
406    1073
805    8
721    1025
446    322
233    462
751    596
840    23
749    495
938    1047
804    434
864    282
349    284
662    268
621    276
519    895
624    411
933    357
567    340
708    930
10    153
378    265
880    575
606    215
931    297
766    23
107    1243
406    372
796    15
624    340
1    207
932    495
901    216
734    288
389    684
801    332
892    79
830    294
650    670
389    686
303    577
921    526
691    748
788    423
648    809
751    101
890    286
32    50
934    4
901    235
618    87
661    185
733    151
821    125
896    4
889    182
373    1444
848    405
567    190
786    97
640    150
640    209
586    410
934    173
24    7
336    273
494    238
671    62
312    601
21    408
648    435
394    168
886    709
576    471
87    1186
664    306
450    603
919    313
934    13
279    1034
590    476
543    82
883    56
833    150
495    662
835    591
881    521
868    709
92    149
897    526
939    1028
524    676
617    74
876    604
867    603
690    232
655    1010
928    487
855    855
790    739
577    50
611    354
827    289
256    449
939    756
933    654
425    161
876    527
536    993
634    410
664    157
586    356
943    187
694    133
683    288
435    658
125    289
901    194
933    392
846    425
299    211
927    815
807    422
537    708
516    357
886    328
711    941
28    529
766    663
862    472
59    73
882    208
524    528
934    755
343    466
878    285
825    823
708    405
854    269
505    121
936    272
378    561
546    109
883    1656
500    358
588    928
504    9
938    343
655    226
392    657
798    648
769    473
848    654
554    284
846    140
942    484
663    466
941    455
907    483
868    169
907    471
892    515
276    452
665    456
198    470
399    433
823    12
543    218
860    692
393    82
770    596
786    98
561    488
327    318
846    357
776    509
796    405
21    672
835    127
907    402
894    887
670    144
115    628
280    33
409    511
660    652
907    185
465    929
643    959
823    176
62    7
733    471
686    191
766    219
42    282
897    294
862    211
156    9
25    125
748    813
763    4
901    172
905    137
882    357
795    1041
303    173
214    11
917    268
843    671
748    216
928    176
758    99
864    73
927    541
661    294
911    176
889    869
298    275
130    258
837    111
870    608
385    1065
942    879
908    28
882    177
860    629
661    199
903    64
526    845
932    70
322    655
821    473
450    423
854    14
271    963
893    298
914    775
631    294
892    1124
350    127
622    117
753    69
889    156
764    418
862    222
897    498
781    135
896    616
707    70
856    300
738    4
719    468
82    212
805    1065
650    1050
114    522
870    496
846    794
671    583
664    4
545    385
835    257
62    275
308    257
782    887
840    127
840    520
416    1483
387    53
582    271
699    19
385    514
652    748
62    117
907    1244
840    212
557    270
696    178
577    427
862    195
1    18
927    471
301    334
94    134
838    718
361    226
892    82
468    24
291    576
897    140
747    202
374    654
193    159
301    62
840    209
405    378
932    524
549    24
537    651
747    32
331    132
682    774
833    32
837    125
911    709
833    184
160    302
518    235
748    204
203    458
551    300
607    950
923    823
633    96
299    733
882    96
650    25
878    57
835    928
561    526
588    313
219    433
622    190
903    13
943    282
690    158
721    329
609    313
712    451
541    304
907    1157
645    177
495    969
265    1016
882    393
843    239
632    475
450    151
886    184
761    402
373    229
189    568
932    174
900    100
189    170
757    470
787    879
261    300
513    258
902    144
826    177
672    301
666    651
930    286
59    969
429    241
693    504
276    1232
887    180
844    82
868    503
887    432
652    328
932    603
222    333
711    958
757    568
913    423
4    301
838    750
851    248
693    382
182    15
406    185
151    531
878    98
583    100
696    899
738    117
463    1007
644    276
847    480
794    455
41    156
844    588
912    479
612    100
896    928
504    155
927    121
882    290
766    606
726    294
453    652
943    100
934    533
524    58
936    346
693    611
828    906
814    669
499    205
470    277
592    237
160    9
314    69
699    1643
654    751
874    100
799    127
249    1167
907    19
624    255
874    125
436    273
43    226
664    174
801    343
73    246
916    399
555    1013
715    1016
864    474
429    651
934    162
645    521
438    619
257    1010
301    183
865    547
437    215
936    25
327    875
405    1101
760    195
763    13
397    14
600    53
216    3
925    98
790    427
913    83
864    127
886    405
862    467
796    1511
460    13
782    1292
938    323
561    176
846    87
898    327
690    636
925    816
897    65
872    546
254    200
766    497
919    879
916    144
796    685
942    705
878    136
608    197
513    763
44    190
899    357
798    801
727    679
272    134
642    393
757    145
94    997
840    89
708    289
826    210
591    603
939    9
890    162
882    1116
435    55
590    137
922    51
711    306
659    655
711    200
898    315
213    288
806    231
892    184
479    647
904    603
878    584
537    173
855    475
435    235
27    1017
715    233
862    559
548    98
7    317
868    550
829    258
880    1217
144    183
72    770
901    1
883    584
586    56
505    648
922    576
630    568
886    180
620    588
805    645
617    200
524    493
932    470
470    742
159    15
41    514
889    124
887    471
941    298
846    181
940    709
435    155
721    237
671    654
885    393
883    338
270    118
676    483
768    274
727    399
758    616
588    234
633    195
710    420
897    235
758    433
842    340
528    250
942    310
299    49
894    875
401    482
790    258
846    381
537    591
533    508
569    333
864    258
95    648
811    988
639    949
892    659
648    576
343    1117
465    836
523    1121
646    1313
148    173
880    310
919    271
158    70
632    468
835    485
784    346
569    546
474    9
763    515
456    14
576    7
907    25
712    946
834    148
733    116
790    275
872    682
371    204
94    690
916    387
645    46
411    194
865    685
803    538
892    159
858    9
683    127
916    257
709    295
863    895
545    50
864    393
378    956
864    58
619    293
328    610
657    7
622    427
144    212
478    433
323    273
880    636
847    603
263    141
645    194
828    462
919    287
532    143
840    11
481    144
870    1221
758    386
505    755
449    86
890    187
698    419
495    135
842    874
826    511
514    568
312    197
870    606
164    248
942    1221
25    82
600    82
918    965
618    713
882    7
501    273
117    271
456    483
706    125
887    405
747    649
880    732
771    496
932    488
437    558
840    157
641    203
916    475
877    61
934    811
110    67
896    1681
145    1011
878    663
931    508
416    603
906    991
596    222
788    623
908    558
624    870
358    1159
9    385
711    905
911    228
924    153
417    102
889    164
738    154
437    319
752    1243
130    239
819    533
864    380
881    227
13    135
923    325
935    1048
930    274
72    23
647    136
806    1012
906    240
894    1255
841    302
621    751
705    161
787    749
299    83
716    604
803    260
682    527
907    476
795    222
920    268
546    567
870    7
431    303
423    10
486    532
872    354
460    283
896    1112
198    81
13    285
320    96
90    708
490    24
940    161
643    393
763    464
391    133
391    648
785    79
394    183
695    286
901    88
887    105
895    283
796    607
490    1012
230    69
907    272
709    569
627    193
867    144
270    672
894    242
890    151
846    470
815    705
880    187
897    651
838    354
825    411
758    841
909    86
796    213
551    399
536    510
716    161
308    139
854    132
449    1005
886    578
48    428
915    286
880    623
383    736
380    302
671    172
95    219
660    179
331    511
798    419
445    151
899    748
806    249
825    147
833    523
916    1011
767    1
838    45
669    657
796    371
109    1161
868    234
901    728
478    182
505    117
506    89
878    432
58    200
772    258
887    1028
890    434
580    3
635    268
864    473
244    88
846    568
894    284
921    230
919    732
892    228
500    763
592    7
916    943
818    288
914    402
72    403
716    603
782    350
675    750
889    92
763    159
407    168
394    151
882    455
671    237
619    56
551    568
927    8
907    393
846    175
903    479
719    427
336    50
831    197
752    1279
527    499
585    462
588    283
552    845
483    473
486    246
671    98
916    1597
267    183
798    703
909    170
455    286
889    26
658    628
697    879
472    356
5    375
559    513
618    31
932    121
779    118
560    606
913    427
935    118
429    939
870    357
862    435
931    750
860    344
880    1184
639    165
323    651
748    58
603    288
906    277
608    187
694    28
119    323
804    100
900    237
869    151
808    872
721    322
328    582
830    487
648    671
429    156
776    193
892    1285
782    328
922    69
701    237
896    42
440    304
754    273
505    300
917    405
339    213
479    131
262    747
806    196
825    696
563    294
642    252
757    426
67    1047
620    393
650    174
862    69
843    431
931    344
838    191
931    125
848    519
301    17
854    431
41    205
585    652
889    1022
825    326
553    524
541    1409
894    57
870    1046
291    153
201    195
840    511
825    126
701    1
473    285
466    684
115    117
892    470
833    219
781    1500
643    1098
135    5
442    742
711    203
860    310
896    392
312    647
58    584
932    198
834    326
459    1013
835    616
621    73
541    543
756    1240
932    208
194    501
417    153
535    632
843    199
332    554
295    56
617    868
805    552
848    655
683    259
942    478
842    288
440    213
62    215
885    181
913    56
933    100
907    235
907    129
517    117
864    1109
373    317
877    971
154    172
213    98
457    88
506    434
903    302
543    168
401    610
894    689
943    92
758    582
429    182
916    174
867    423
645    198
299    61
859    3
870    193
912    655
621    235
902    127
597    286
269    1361
918    70
565    923
763    85
664    764
452    210
103    56
889    604
911    625
934    191
921    659
919    282
868    12
482    682
802    565
776    134
912    498
663    652
615    629
910    684
682    81
907    427
896    100
316    304
892    196
825    1049
821    22
854    343
923    544
747    659
606    188
312    525
896    79
634    111
871    97
782    361
468    44
878    1092
305    127
661    218
820    347
257    936
22    233
660    301
512    186
763    198
804    483
924    527
655    1245
797    294
658    198
705    471
560    222
280    183
891    127
887    1060
938    118
896    69
911    87
312    199
838    153
882    746
642    400
621    148
932    168
896    245
648    249
643    5
442    405
181    280
896    483
781    523
566    521
881    447
409    178
712    204
863    355
324    742
861    213
680    257
532    347
123    321
642    686
459    298
711    51
807    496
846    192
360    137
666    236
666    642
806    702
707    345
88    326
796    662
151    705
933    177
889    210
577    125
932    462
404    301
933    9
157    258
246    159
909    707
936    1375
795    1030
293    122
615    300
927    210
846    747
629    194
541    1041
416    95
788    445
870    939
881    1217
940    7
484    38
682    8
280    182
934    1135
363    80
624    275
659    673
943    216
234    1448
788    300
815    318
804    841
145    1012
374    31
902    1
931    313
271    515
641    497
473    127
308    513
703    100
933    732
234    656
901    58
930    244
798    845
650    565
889    32
157    475
749    549
747    305
639    673
660    1240
682    722
862    1109
711    710
933    174
940    471
401    537
324    410
911    474
658    22
436    468
766    448
727    172
59    91
795    70
679    172
938    106
334    549
561    197
318    25
450    399
173    245
387    214
178    1119
625    70
851    12
933    193
374    164
343    963
432    298
130    272
902    754
907    332
918    89
889    980
885    739
666    483
916    1073
715    939
864    125
932    521
346    1210
655    1143
940    238
932    475
903    410
804    625
889    179
883    98
26    683
523    435
262    699
661    169
938    257
308    9
552    148
798    281
889    195
497    184
897    215
746    168
941    294
330    732
589    328
653    151
876    531
749    186
936    919
488    633
938    685
457    451
682    717
848    191
454    64
936    108
853    322
622    185
673    79
682    73
919    591
518    619
593    181
893    781
856    748
921    367
892    633
24    324
279    1444
883    238
943    825
850    96
678    285
850    485
407    210
551    258
727    1446
807    289
691    1172
492    1098
234    835
292    249
738    204
638    153
796    736
606    926
501    150
794    515
664    202
850    88
367    331
694    357
545    195
892    276
737    357
438    282
864    673
916    679
445    1
193    282
863    1296
829    313
412    208
892    705
682    1012
660    154
280    233
862    177
899    180
699    764
643    655
617    498
798    929
621    38
747    514
270    265
221    931
693    210
938    293
881    566
867    294
339    212
271    169
503    692
588    265
790    1077
655    872
781    179
648    281
518    410
495    573
603    56
532    425
618    531
747    124
818    313
487    313
634    1028
869    282
561    611
484    210
393    613
648    318
896    511
554    172
130    824
862    120
889    2
847    596
864    685
378    78
