6    86
299    144
157    274
99    4
115    20
246    416
291    144
119    1153
166    328
90    648
72    195
59    23
269    504
121    514
80    466
200    673
92    1079
181    220
272    178
276    1091
36    339
119    237
83    576
292    11
301    79
16    64
187    64
54    595
133    751
18    26
271    709
94    1224
308    402
234    612
244    186
222    97
213    515
216    531
257    137
293    770
263    419
187    135
8    550
64    381
276    142
193    941
301    33
152    301
13    864
294    931
245    181
280    631
150    293
207    13
18    86
222    173
244    707
22    80
290    161
85    588
276    181
43    120
156    661
44    660
224    69
94    62
65    806
178    385
191    751
173    328
284    322
254    357
270    98
140    332
215    421
292    9
161    318
203    93
279    982
1    117
214    131
230    172
275    418
249    239
53    281
201    432
109    402
121    180
308    59
7    644
276    474
94    792
72    196
220    298
276    78
214    117
66    181
270    558
82    194
188    237
223    763
285    150
44    15
262    223
16    209
141    258
14    174
87    210
144    831
24    763
210    97
303    693
181    1
291    428
11    740
303    411
85    187
125    657
279    746
161    898
11    38
243    208
160    430
285    151
151    58
45    118
109    258
168    1278
70    210
43    204
315    273
158    770
1    227
84    748
49    47
269    13
145    448
142    82
311    716
291    7
308    741
85    298
189    197
293    39
42    176
249    746
234    132
217    144
116    271
276    157
263    510
271    714
215    197
271    750
261    340
92    528
313    745
92    846
268    1
191    754
190    302
286    231
307    265
1    90
269    47
57    28
123    531
293    496
95    1206
291    1028
18    387
275    449
7    580
299    615
244    409
299    641
201    197
187    215
7    106
291    578
278    311
4    361
244    380
160    187
167    364
57    756
290    82
18    965
219    882
226    147
286    258
262    509
7    196
83    139
268    470
175    71
210    380
56    797
284    305
292    328
115    127
111    313
92    289
187    523
280    204
234    50
234    134
90    529
234    618
244    7
77    238
18    154
221    204
34    242
308    435
312    228
82    661
99    204
6    221
311    28
85    272
213    471
263    921
7    420
109    100
145    50
49    741
102    732
145    299
92    521
311    366
224    43
85    98
195    387
269    923
183    241
299    238
7    133
184    729
328    9
95    143
148    495
65    202
213    690
94    33
197    849
70    417
277    273
297    198
165    258
74    288
158    1
296    286
102    118
144    961
303    179
271    22
217    195
305    209
131    845
235    511
320    1157
157    1132
112    748
318    204
291    572
59    238
122    715
299    921
4    260
125    483
87    303
16    168
18    199
127    380
60    699
268    205
271    274
276    401
290    21
87    157
328    568
1    221
332    770
291    385
145    993
208    204
148    172
50    475
184    1137
299    271
135    233
112    322
111    340
264    401
140    319
214    79
52    1009
328    271
326    153
244    100
289    815
45    472
87    70
301    58
72    129
197    570
44    603
94    180
292    10
151    191
158    38
194    566
122    427
92    619
292    488
30    181
56    63
91    423
305    14
279    382
83    186
10    48
91    193
234    506
44    202
297    301
13    94
184    47
285    288
60    178
217    566
194    431
328    655
82    218
313    488
168    295
234    462
49    312
253    747
286    1265
39    352
95    96
327    230
308    60
129    270
295    405
198    385
246    202
60    172
184    132
115    762
128    111
94    185
178    302
332    229
109    845
192    1160
102    559
224    301
130    930
321    194
269    340
151    7
314    73
148    501
102    222
288    182
303    262
332    232
301    515
268    252
312    495
215    89
151    66
18    498
189    480
59    230
63    109
99    741
82    64
129    272
6    134
151    435
162    298
244    157
201    98
201    32
5    403
72    79
325    656
16    655
109    147
262    1278
339    55
18    630
210    465
276    250
262    71
151    300
268    248
184    172
307    229
201    1187
230    50
327    93
340    172
92    85
253    483
194    132
334    269
90    966
294    876
135    294
201    1063
42    204
50    1084
305    733
305    947
125    945
205    313
41    31
214    121
301    456
327    962
96    8
312    1203
330    215
216    651
270    707
23    516
174    458
13    263
251    257
84    284
108    125
291    421
144    172
189    1099
12    96
87    1047
128    216
275    202
75    820
294    24
9    487
344    278
11    429
344    39
343    44
75    696
119    235
232    64
318    72
72    603
220    288
264    320
21    288
308    811
151    478
279    415
345    202
95    518
122    708
298    652
69    1134
234    316
31    705
14    455
94    393
320    148
106    15
68    245
77    4
6    188
1    76
211    310
90    713
210    160
256    1289
104    342
48    187
62    153
123    285
7    511
21    670
21    219
21    591
151    709
129    313
222    550
344    97
16    447
201    896
235    198
215    64
1    96
222    1226
314    328
62    298
44    317
216    628
312    1021
279    1209
83    294
232    921
286    815
23    483
16    230
271    133
344    619
130    276
82    191
308    475
110    1206
144    855
169    172
73    479
59    100
251    121
184    531
201    271
49    313
276    684
62    1136
329    129
102    173
49    213
162    174
220    301
178    284
286    234
188    173
187    792
184    604
286    683
339    198
200    121
38    67
267    464
48    654
13    387
313    132
201    276
239    530
271    732
334    474
99    258
358    469
303    194
303    480
291    1253
10    702
291    470
82    476
145    200
160    175
130    374
234    294
262    845
251    132
102    326
257    307
213    11
327    949
87    393
340    204
279    390
43    298
10    615
196    306
348    928
363    405
292    919
7    608
14    7
322    185
130    346
155    319
268    333
13    161
81    7
363    1495
234    660
188    233
314    1276
326    448
351    873
233    286
64    173
264    208
58    246
144    285
311    708
90    185
145    674
13    612
313    162
128    378
357    222
314    672
238    300
360    238
345    173
109    1244
268    403
99    232
320    1188
286    11
273    311
18    181
268    114
303    1016
201    513
307    463
189    248
8    190
95    202
313    187
89    387
13    517
234    291
145    471
91    479
294    603
1    175
321    485
221    588
346    33
230    1050
177    197
293    8
225    64
43    866
138    514
348    288
321    494
89    151
8    301
328    331
237    98
90    693
254    125
82    520
27    298
257    50
328    1248
255    436
10    696
111    269
244    764
276    117
291    237
256    161
350    1
105    258
114    507
57    173
334    210
2    13
25    480
214    952
200    294
334    436
327    288
44    9
180    111
287    346
60    272
6    15
363    1007
94    50
246    675
200    45
21    974
273    900
279    464
255    763
344    568
76    474
214    248
130    333
303    257
159    877
13    869
314    138
329    258
325    168
342    518
194    117
295    1446
106    223
233    97
269    919
137    172
263    210
298    286
26    508
370    265
270    222
200    38
301    159
23    662
221    721
234    1
244    508
60    502
334    1073
109    204
339    806
46    328
83    795
378    52
243    221
135    228
43    648
252    268
175    629
256    982
55    678
90    475
331    277
308    144
339    139
234    423
99    56
100    316
237    183
56    186
279    490
58    204
59    1065
301    380
328    100
62    121
141    748
318    655
276    879
232    651
11    739
116    421
329    855
13    118
109    96
95    510
119    930
267    622
26    343
96    474
49    594
176    100
124    79
85    283
73    507
268    781
58    182
326    659
343    367
10    519
269    506
64    7
347    87
377    354
1    44
139    458
59    448
330    213
59    136
172    478
94    806
43    1
70    228
104    25
378    542
21    844
173    260
297    1296
83    609
60    480
210    73
182    763
247    50
287    111
347    288
151    1197
261    1025
374    125
298    993
303    582
142    89
59    692
318    12
292    484
303    183
94    222
118    436
276    366
85    300
385    524
59    169
18    186
357    7
22    176
266    272
267    552
79    6
37    24
286    354
344    1007
178    183
276    1044
200    685
121    126
210    25
297    143
95    554
16    418
174    1053
272    498
128    151
52    287
290    432
231    252
339    67
56    435
357    833
337    742
181    846
367    17
158    149
385    79
271    866
94    588
178    257
328    661
339    154
106    285
71    923
291    179
279    432
95    655
244    953
110    806
361    286
22    222
288    177
243    127
144    480
244    258
121    98
128    65
96    483
336    1047
311    132
331    64
382    531
43    252
108    21
350    340
119    174
389    613
311    946
327    153
373    843
5    143
380    313
373    520
271    318
10    588
262    929
178    596
7    658
343    303
368    551
320    1090
352    96
222    280
181    937
312    489
164    331
344    684
151    732
263    143
308    1047
7    504
117    928
64    161
228    313
334    1133
100    1236
210    735
334    608
393    1285
378    508
162    544
130    1208
286    55
343    727
227    116
343    191
110    77
19    310
328    1015
62    475
65    239
313    203
57    411
85    211
10    418
387    423
343    163
191    86
7    431
94    921
183    720
374    223
268    182
120    405
387    1097
292    111
144    1016
104    282
109    94
49    713
303    1012
313    831
94    100
377    288
18    955
174    268
293    69
11    216
389    845
360    588
128    118
135    183
25    50
151    183
387    201
95    404
18    428
326    241
83    63
60    523
295    82
173    1265
194    514
333    88
186    988
130    39
293    485
87    705
396    841
285    902
312    659
343    684
369    271
72    127
321    213
373    204
8    56
330    72
299    482
393    1048
279    319
90    1125
387    566
294    411
332    928
94    684
339    65
185    28
25    8
399    219
25    969
117    98
95    683
312    275
200    560
158    803
214    307
92    278
294    105
276    209
387    844
72    480
216    93
223    22
276    315
164    181
389    507
380    229
92    46
234    300
393    142
94    410
213    200
255    405
378    284
315    732
109    196
4    294
92    109
320    1081
361    111
49    657
227    150
387    381
370    705
373    28
353    286
327    382
280    1459
184    91
213    281
46    1024
326    443
216    433
77    89
230    186
312    180
16    693
305    134
346    685
393    596
303    43
6    208
227    7
292    234
234    289
387    333
303    531
313    199
280    195
299    702
345    283
367    100
76    1007
256    51
9    507
345    1011
194    12
231    748
230    291
92    94
85    213
334    153
106    22
334    285
115    82
222    12
393    778
148    507
135    475
176    1012
305    81
117    628
348    472
23    209
5    79
366    436
346    210
328    245
187    196
378    54
294    1007
321    191
23    71
397    194
244    209
363    746
139    246
249    271
361    12
235    188
90    17
289    685
286    636
332    879
389    98
210    182
87    73
380    22
91    326
301    597
62    664
363    370
92    53
81    282
256    188
313    134
199    285
18    19
322    12
250    1161
85    1074
404    687
296    117
269    44
388    5
294    260
332    1244
328    480
222    204
354    699
291    218
301    566
197    190
16    300
173    292
130    99
336    1074
10    275
328    556
308    44
236    1102
310    1022
67    122
121    57
413    222
378    29
267    3
276    547
162    628
94    246
244    69
175    496
102    675
296    815
115    12
406    318
308    64
369    181
406    496
347    230
59    1110
343    199
223    756
56    769
233    381
67    871
70    189
64    746
329    147
194    188
198    176
402    16
378    420
83    110
373    15
94    583
77    483
253    487
125    174
49    1082
294    125
295    86
339    522
363    307
345    676
393    742
23    518
44    588
29    270
345    387
207    1197
324    127
406    14
74    301
344    191
221    161
174    1312
159    1190
16    156
256    827
204    302
404    269
344    245
178    28
394    218
13    276
307    408
305    258
154    462
311    211
14    15
99    66
144    180
271    317
201    9
59    1108
268    569
399    744
310    275
143    347
267    367
234    481
201    331
64    1
299    151
286    329
70    482
417    551
184    58
373    404
328    205
279    1219
163    216
110    658
298    202
401    26
314    377
198    82
371    663
268    732
305    655
320    33
59    866
13    735
417    147
398    15
347    871
189    513
388    184
117    313
44    378
11    277
150    147
113    246
385    408
102    144
158    127
91    234
145    470
62    286
244    955
405    366
294    751
294    926
23    222
415    1524
13    423
183    273
101    237
311    208
125    864
264    451
320    413
423    744
390    740
291    49
87    186
233    191
141    252
399    946
407    217
393    366
311    1232
201    642
173    880
83    468
125    732
264    1103
234    234
276    665
294    246
343    435
297    1007
271    384
379    651
120    245
417    67
215    443
412    427
332    144
379    855
374    692
87    192
318    815
222    471
13    402
427    938
393    1165
317    331
385    156
363    685
21    328
412    436
87    254
23    546
398    661
7    161
7    288
83    94
116    582
287    117
385    1129
326    564
222    200
416    304
233    31
376    14
286    290
18    13
399    230
11    241
21    242
104    1011
151    605
335    271
106    48
354    603
57    199
332    326
106    194
44    193
314    1517
23    512
151    1101
82    482
393    222
162    597
194    99
92    144
307    197
8    258
308    100
354    199
378    418
339    76
344    237
256    779
260    362
308    129
2    279
276    559
23    269
406    612
16    9
417    588
366    443
327    588
200    597
338    582
58    123
321    515
298    178
232    14
95    178
154    89
195    1418
222    662
416    294
183    485
344    1050
123    480
429    1119
333    276
432    742
256    402
7    495
263    483
256    1086
380    428
7    520
286    732
92    226
62    328
419    705
158    116
198    631
119    995
52    275
84    194
354    629
271    549
200    432
299    173
154    143
370    22
269    433
109    121
292    265
233    193
292    223
10    710
236    298
254    655
244    584
14    655
271    642
121    515
321    462
42    63
398    648
130    1136
311    941
222    161
135    258
367    288
234    483
156    318
54    118
123    962
297    293
94    603
279    248
197    362
230    97
271    742
409    480
115    1073
416    546
299    433
435    443
244    42
24    109
79    290
60    234
389    498
342    928
12    50
151    484
141    1
379    451
378    1232
14    492
133    304
429    944
351    750
242    237
430    527
330    588
276    1220
421    915
396    930
313    604
216    200
429    318
269    194
56    1092
393    123
222    568
254    443
425    38
74    324
393    241
429    1039
296    134
325    197
303    541
408    748
450    470
123    132
254    258
194    479
115    9
416    479
320    771
42    72
263    614
158    502
336    153
330    286
387    561
437    239
95    591
231    476
13    333
181    288
432    411
102    636
363    96
213    238
145    195
399    389
45    1060
161    187
47    306
263    528
62    216
150    410
90    904
387    202
6    318
430    656
395    892
326    527
158    186
334    476
450    144
365    742
87    1184
43    285
192    277
85    216
13    787
59    582
135    943
10    98
330    174
345    71
422    276
7    307
223    1197
417    207
295    435
200    755
387    210
417    11
18    705
450    38
301    252
325    234
23    710
417    98
279    1011
90    879
332    127
322    591
85    215
301    199
379    239
333    315
13    481
311    44
158    148
207    866
128    763
323    875
95    716
271    423
412    173
429    455
41    181
45    108
450    566
104    713
210    179
405    1550
286    949
332    120
1    62
279    616
44    147
453    98
455    135
196    1118
280    655
413    7
13    109
334    135
450    1226
104    331
157    268
160    1
435    554
450    183
373    709
363    91
48    71
178    895
94    1147
244    566
440    886
362    294
325    133
392    511
144    942
145    431
299    56
437    696
334    449
194    64
409    87
307    82
82    513
16    496
273    305
299    607
389    151
435    173
62    162
397    117
387    55
303    185
91    357
263    22
393    313
114    179
207    191
343    52
380    449
42    866
224    15
452    435
274    164
354    131
392    872
99    338
311    318
450    467
430    129
383    483
48    425
43    237
314    246
363    825
151    1109
92    2
457    704
435    696
345    272
394    979
407    949
228    690
347    223
450    143
385    189
367    200
442    636
313    414
177    59
269    100
442    29
387    1199
276    652
267    216
271    31
39    347
247    28
416    936
450    487
268    582
56    64
425    322
15    300
389    705
208    70
137    597
275    435
385    1021
447    252
404    328
421    238
177    23
109    67
234    1064
94    7
459    596
116    872
95    597
363    44
64    300
134    316
339    56
346    132
90    216
392    268
268    284
256    98
102    667
62    710
422    1
62    9
293    549
233    501
360    10
7    465
83    64
301    607
375    525
4    300
378    231
13    23
87    405
145    12
82    588
416    168
1    246
37    550
268    10
301    42
18    845
373    195
22    187
330    1084
57    111
373    414
387    403
299    185
378    295
349    120
276    451
379    127
406    825
334    271
90    889
270    183
60    593
357    1
454    144
410    313
378    401
26    1
452    89
188    568
43    742
225    1203
85    195
244    410
457    385
216    188
303    156
411    770
109    179
138    13
119    597
201    53
308    597
407    510
450    642
274    71
436    98
168    125
334    131
193    187
367    561
405    1119
363    428
456    979
363    137
416    258
85    150
305    12
329    705
324    123
334    582
342    248
347    403
406    30
213    502
275    50
385    603
419    488
407    313
87    789
389    558
416    652
218    173
184    221
478    143
328    326
18    654
202    423
259    185
291    420
216    25
130    658
305    904
458    319
43    385
428    313
226    405
386    281
397    896
44    143
45    225
212    527
361    66
416    560
449    293
436    537
222    229
354    958
72    318
273    316
378    91
374    100
256    1
437    162
397    174
412    487
13    478
178    219
151    52
11    228
472    977
384    989
23    175
343    137
230    418
437    191
429    32
110    55
437    98
381    656
417    169
200    280
178    1315
457    949
283    435
180    658
301    237
330    357
201    950
13    216
401    144
484    70
250    844
274    762
280    215
171    340
177    654
200    826
374    151
359    7
373    162
262    423
417    392
435    1109
16    467
267    176
268    100
296    521
480    183
474    317
437    213
387    273
125    79
363    653
259    475
385    1128
298    864
416    338
486    471
13    523
417    81
42    229
158    168
54    25
457    370
429    128
417    7
187    663
381    1407
28    164
332    12
435    225
179    302
270    546
373    633
55    181
458    847
447    591
450    177
414    310
327    151
311    483
151    286
465    477
173    269
450    509
343    23
215    480
378    845
472    756
85    258
457    12
112    269
393    391
178    756
461    1006
362    302
458    330
373    366
398    126
455    597
58    645
84    1028
23    14
222    546
95    436
444    300
399    174
296    55
379    405
311    465
429    820
378    117
101    1
214    319
56    720
52    471
200    282
130    888
453    568
151    118
398    485
472    1210
450    837
404    259
94    943
210    629
436    90
13    739
468    31
403    471
484    96
267    231
271    660
85    481
34    1024
141    244
398    95
455    161
335    902
271    218
178    237
373    648
192    284
257    676
454    82
417    441
384    328
454    245
56    183
198    215
294    347
256    232
106    211
151    152
11    386
393    780
468    71
224    97
256    568
357    595
100    1235
472    1091
470    294
442    159
178    1016
440    515
314    280
249    203
429    403
394    455
397    504
59    59
437    393
472    400
308    248
384    271
453    188
354    137
295    188
145    300
23    132
330    132
342    606
82    168
84    274
334    310
244    946
442    168
307    227
130    252
151    1039
61    258
319    268
85    284
59    1021
321    211
272    210
169    483
173    874
298    194
165    176
474    136
495    89
312    174
396    1399
479    135
380    95
331    32
497    566
276    79
383    268
346    215
430    273
97    204
118    559
452    554
253    22
336    732
145    202
466    331
85    423
222    41
194    498
450    7
406    427
496    132
354    189
313    178
360    405
404    258
295    230
334    28
11    317
426    510
465    496
184    443
416    339
456    431
323    186
435    40
498    191
339    100
436    739
5    186
456    498
369    243
387    98
233    261
234    5
416    83
457    455
3    260
506    470
459    295
303    381
221    386
331    214
455    2
270    531
295    43
128    222
319    306
504    546
269    157
435    659
474    646
365    995
94    1014
474    506
419    257
453    117
345    111
381    20
339    150
56    200
42    54
411    22
286    924
479    88
458    792
378    157
506    479
365    269
43    1035
325    271
338    607
214    223
271    393
450    95
336    4
308    157
250    527
5    194
468    411
389    132
276    1301
64    475
452    207
99    315
394    101
169    495
276    823
232    117
452    588
503    164
157    100
60    494
244    215
506    281
312    493
347    432
330    94
425    32
11    508
276    526
361    514
276    192
230    25
346    1135
406    923
405    395
423    751
406    172
468    13
461    269
454    234
469    605
59    770
321    153
474    1009
342    423
450    395
450    1050
405    98
66    508
230    951
18    519
398    88
119    56
413    284
450    629
497    188
313    428
416    241
57    11
417    56
435    153
474    172
425    583
360    326
406    276
498    522
505    498
279    932
286    147
393    376
167    478
6    410
361    430
473    547
64    436
256    684
331    735
374    186
271    286
221    358
387    47
359    298
25    474
476    781
406    71
383    531
280    239
291    140
227    321
389    474
56    234
416    1426
445    480
483    250
524    285
454    197
325    768
31    490
117    144
437    657
484    778
518    25
357    597
394    128
354    652
67    25
495    235
26    126
67    546
43    140
316    168
504    402
286    209
72    15
327    321
487    143
480    483
14    96
453    100
429    216
32    248
311    750
83    322
499    742
130    82
504    934
422    53
241    288
13    613
253    300
504    1442
406    204
506    72
399    554
349    544
203    150
266    286
524    182
137    174
450    514
268    729
314    1311
529    325
500    133
417    16
506    50
401    282
360    50
429    184
495    109
87    228
417    198
86    888
346    56
1    40
474    61
7    558
178    127
429    164
200    392
109    809
42    125
385    8
75    114
380    566
208    996
452    684
291    231
318    282
387    195
318    378
198    56
532    216
429    591
320    66
304    895
214    100
503    402
417    255
416    144
334    125
365    151
320    82
97    183
385    483
374    69
145    977
308    241
23    433
44    24
301    196
533    50
276    128
43    735
199    93
18    639
334    746
24    486
16    11
379    168
432    1016
347    460
201    735
183    226
330    135
493    79
343    177
450    1479
497    56
524    234
345    294
23    82
486    125
178    97
417    461
430    286
22    202
7    557
109    77
130    939
439    282
429    12
381    1117
416    879
533    275
89    724
479    211
110    230
381    898
473    1142
427    688
70    313
343    229
411    527
327    715
450    131
533    245
347    404
500    143
97    96
360    306
497    161
435    157
533    651
178    751
38    105
79    690
504    419
342    410
119    300
450    673
18    781
308    1126
51    603
469    173
50    324
373    4
153    265
14    750
168    871
58    463
450    158
450    203
59    194
498    489
474    11
533    724
64    183
450    612
234    163
527    646
393    870
12    195
87    1041
286    707
222    214
538    164
60    95
200    195
109    739
392    344
94    183
357    471
145    825
200    98
455    277
293    15
466    27
535    662
75    408
380    512
101    255
496    1401
308    512
416    12
195    152
234    610
60    736
158    129
458    317
115    96
489    682
524    127
474    1123
318    628
184    25
527    1109
271    570
382    504
450    127
62    238
276    100
494    194
389    173
359    472
60    229
254    227
534    926
18    588
197    435
287    4
336    90
18    435
437    1075
404    300
187    197
337    125
500    421
15    866
279    529
476    63
423    696
213    942
474    183
416    87
401    316
479    50
442    1098
456    286
405    1074
374    465
230    82
435    1204
263    498
533    161
486    285
42    202
352    385
495    501
380    306
532    763
299    474
249    237
330    197
254    588
222    655
399    566
500    175
311    732
499    750
454    566
521    202
137    260
338    216
277    925
13    110
488    520
484    258
70    183
340    417
20    934
542    746
467    340
295    513
346    2
481    507
313    144
222    391
530    156
447    845
363    200
2    287
178    578
308    195
270    794
210    483
217    720
499    414
94    49
303    928
293    14
504    50
268    11
343    231
439    475
7    258
490    1128
407    91
234    1445
280    1207
454    248
328    344
7    593
545    73
8    174
125    399
450    472
128    497
125    585
10    174
556    327
276    151
442    281
426    601
189    238
311    194
360    936
446    270
559    524
186    303
495    679
130    181
328    561
532    205
8    82
125    513
518    458
90    528
94    716
115    56
75    196
529    331
293    204
465    283
320    1091
385    961
216    318
537    70
554    8
178    763
303    168
505    1285
18    582
361    274
450    614
286    805
379    195
308    699
200    549
360    845
297    83
308    96
454    97
541    660
374    1277
59    762
25    186
479    117
501    844
554    229
22    211
434    763
256    151
327    11
479    182
92    182
497    240
526    875
152    794
545    524
402    50
551    581
85    610
553    434
521    423
226    176
249    478
18    478
519    909
452    648
194    732
533    4
308    605
527    203
308    517
467    1016
385    650
345    416
557    166
222    11
457    105
373    71
13    654
417    385
49    42
417    340
523    935
457    651
474    216
280    697
558    116
174    1221
423    148
463    15
200    358
234    1169
544    1280
356    292
209    1
394    38
118    320
69    236
541    560
532    155
209    285
455    380
489    687
450    305
435    584
479    632
346    470
95    25
448    321
43    660
498    512
480    166
184    651
535    1149
567    482
399    186
342    197
308    494
274    276
306    756
140    302
506    227
346    712
495    1135
261    125
470    295
536    584
90    954
235    192
539    19
496    1063
84    300
518    370
497    625
299    483
472    393
490    124
290    435
399    471
472    177
454    603
152    364
367    672
16    234
131    293
567    302
538    195
285    100
514    204
425    307
534    930
406    274
187    660
527    181
379    174
194    997
459    687
125    181
151    215
478    98
561    501
486    127
334    127
137    892
479    181
417    183
548    147
94    686
501    406
498    98
385    256
87    1181
61    300
381    479
87    435
526    346
435    211
246    198
151    132
408    312
269    523
546    98
93    283
535    283
387    8
199    100
346    183
64    144
118    641
90    990
447    65
320    800
64    423
527    193
495    742
416    286
402    515
518    7
200    63
517    111
391    58
520    274
126    340
440    921
565    212
450    311
6    137
533    65
538    98
507    827
3    339
145    134
479    1
530    50
380    506
399    941
507    300
216    257
584    258
438    255
53    1087
410    754
504    210
548    1405
561    1524
263    136
552    14
475    316
401    64
311    77
22    24
459    328
399    735
456    1324
406    428
503    20
575    322
516    310
308    176
463    13
87    570
57    405
336    275
474    503
154    874
351    888
472    930
330    105
328    195
328    1439
188    64
36    288
118    171
561    497
592    297
6    64
497    771
566    480
542    475
92    949
539    483
224    365
506    54
60    73
124    168
308    171
472    196
511    880
542    246
174    278
537    467
318    191
459    866
378    702
11    728
460    7
236    174
474    966
119    301
472    4
234    692
577    684
19    211
553    496
453    393
148    496
246    288
535    480
548    235
505    88
541    419
52    1011
278    752
578    294
586    203
504    183
293    196
535    423
298    530
378    727
543    216
189    124
389    79
184    393
76    60
264    1070
370    174
576    381
130    1244
406    125
200    890
416    1014
450    1401
236    423
322    48
552    118
416    1160
287    313
446    292
417    50
234    642
1    173
437    732
316    707
267    62
551    1267
108    294
63    591
291    568
309    304
561    458
269    200
554    69
568    185
514    367
389    40
68    25
286    1288
222    576
416    313
476    288
292    748
423    628
204    170
555    1054
474    283
519    908
407    483
472    477
541    143
501    129
429    283
407    993
548    298
498    59
479    195
272    183
120    237
221    763
585    113
605    527
293    356
62    170
379    729
168    685
151    512
350    136
35    328
514    58
561    1120
592    408
535    603
537    937
204    318
118    603
355    260
184    182
363    590
606    186
500    147
592    455
96    486
561    42
381    1119
201    483
321    654
49    403
59    44
399    1178
545    231
218    183
551    193
352    228
330    126
273    340
18    157
161    483
515    271
565    640
527    22
618    204
586    1407
276    1170
499    177
497    1092
193    199
592    184
405    63
334    98
316    651
617    7
603    172
437    1148
566    485
363    185
145    816
620    71
221    566
335    307
487    402
499    1302
280    1112
611    350
373    175
87    80
497    1210
559    4
286    336
536    234
332    841
371    527
484    151
509    258
537    210
452    8
580    300
533    692
543    770
435    455
37    50
222    620
44    405
359    748
222    66
423    302
428    344
403    117
380    382
92    157
445    28
75    25
602    304
496    528
35    937
393    283
566    207
401    357
116    253
6    191
450    283
506    300
297    1073
26    109
334    287
279    1059
487    79
23    230
417    173
607    86
521    206
457    111
85    476
128    168
496    774
476    343
566    117
585    730
504    56
276    655
456    955
594    286
17    294
586    176
373    209
224    1152
579    655
481    505
569    676
104    3
201    42
590    150
60    205
554    432
220    289
483    432
144    1197
421    4
381    176
601    276
541    596
465    22
207    284
291    416
486    13
346    333
456    603
560    258
541    181
417    825
487    226
305    686
536    402
115    657
457    100
254    554
106    161
559    687
551    317
486    879
69    265
506    175
381    931
85    345
189    162
56    778
308    679
457    265
59    649
288    435
605    137
411    181
406    190
516    50
430    50
542    191
328    29
345    378
276    1244
529    321
608    695
350    515
308    428
28    176
541    257
472    1036
7    597
113    273
577    12
371    357
474    73
457    52
322    528
312    1020
303    475
104    237
406    543
484    250
478    216
406    203
504    98
115    13
441    1
592    42
484    97
221    186
393    1055
508    528
534    471
85    462
560    480
592    460
532    259
407    484
634    476
585    166
552    455
10    32
422    334
39    269
552    249
593    216
606    197
588    347
422    458
618    697
456    490
151    523
515    310
590    276
528    174
536    699
405    195
624    271
545    444
405    234
577    795
239    434
470    125
346    204
620    294
450    135
344    174
472    550
312    191
561    735
380    315
162    358
521    132
308    404
505    378
262    1
578    380
116    285
141    323
194    91
13    241
276    765
445    346
566    392
15    285
542    346
642    951
450    735
85    210
313    133
577    281
484    399
613    303
429    662
466    87
389    481
469    656
464    879
293    81
174    151
295    559
621    197
244    527
491    285
323    293
468    856
23    134
237    127
14    32
11    549
297    455
334    12
198    200
276    123
406    87
633    176
303    1218
542    204
489    680
506    38
385    1462
483    1
551    846
599    934
540    126
640    941
262    52
13    194
325    1230
527    317
598    349
541    452
542    790
456    172
497    781
435    24
551    658
91    187
455    87
130    289
281    310
357    546
561    1153
606    64
500    742
490    277
551    825
543    185
44    260
254    1050
7    403
130    24
389    191
385    525
450    4
221    178
470    100
621    231
621    67
251    45
644    823
487    300
642    135
63    302
493    56
94    54
592    1
417    24
18    238
577    1531
394    391
535    469
532    601
314    405
396    222
535    514
521    380
346    597
92    1211
405    603
1    257
393    273
628    302
354    59
612    924
472    771
491    236
144    48
303    98
256    451
627    162
523    72
455    71
472    73
454    497
342    208
554    174
543    186
642    1023
429    2
13    204
595    1009
504    318
161    100
368    184
495    479
94    800
286    132
514    109
620    625
65    15
401    97
637    595
125    427
90    863
533    313
119    986
622    367
13    332
592    28
523    204
650    747
629    528
313    121
654    423
314    783
634    979
642    468
393    4
307    1
592    652
436    595
567    504
394    63
276    1118
247    259
256    282
357    111
400    294
495    770
435    121
429    118
99    25
128    478
330    195
524    1204
125    201
504    323
41    516
161    496
553    111
108    284
346    11
109    928
429    484
592    820
456    346
455    628
548    532
632    159
354    135
496    50
487    1019
374    449
357    831
528    181
374    197
595    369
559    199
616    689
152    527
380    60
535    129
358    639
535    116
99    332
519    1062
536    449
234    606
634    460
622    780
425    145
551    156
409    481
435    9
223    257
456    196
374    986
450    1048
639    210
653    257
10    530
592    215
298    168
561    732
85    606
26    313
505    77
532    482
292    1073
346    144
635    269
622    722
487    921
610    97
290    211
577    241
437    90
234    480
554    209
413    690
638    181
548    302
315    286
188    118
506    147
543    586
85    582
577    423
183    230
543    519
523    167
214    298
472    56
524    831
18    414
54    307
374    1010
615    127
397    100
527    202
472    7
457    191
555    169
1    182
588    282
372    176
650    480
96    89
145    88
505    660
597    293
601    186
464    176
605    133
398    2
593    158
90    56
99    240
1    223
454    660
633    79
43    28
450    1444
311    796
406    5
645    512
537    44
347    290
536    1039
13    638
330    100
469    215
663    1047
642    1079
430    328
665    287
56    655
291    411
97    434
291    1012
102    612
167    530
255    56
514    65
567    156
484    431
12    161
591    514
5    396
375    233
72    56
387    258
378    1145
358    512
577    4
644    121
409    1073
55    79
524    435
534    823
455    275
442    288
387    321
487    471
246    431
524    845
99    1132
406    8
338    1124
201    511
483    1152
416    44
660    97
133    245
45    288
577    25
579    428
191    340
641    59
62    463
375    603
267    143
393    755
667    223
491    7
90    141
590    1129
90    134
435    214
200    132
184    40
271    347
654    66
671    947
662    50
648    107
645    81
503    387
401    507
510    258
624    108
595    255
599    815
296    304
514    73
551    476
595    237
468    178
44    163
425    573
270    213
501    7
188    566
81    25
553    423
91    204
608    215
630    191
437    955
432    3
52    318
46    100
334    1426
391    237
435    117
600    651
496    1614
521    475
606    432
456    211
587    325
379    219
478    238
92    274
503    210
437    28
655    210
130    398
393    105
67    1052
468    157
345    125
533    186
669    537
627    586
624    534
411    58
405    23
642    80
407    657
537    525
332    77
537    959
682    265
591    238
295    382
380    744
298    484
481    50
344    127
373    95
489    752
665    177
536    56
257    313
605    191
389    66
660    101
421    219
305    196
276    1267
606    68
634    293
301    340
407    177
267    47
637    1344
492    531
166    347
506    972
538    258
503    485
655    1046
200    509
536    283
284    310
683    1483
682    351
561    724
585    1021
684    38
561    216
552    988
331    304
622    144
531    302
541    88
655    1418
363    227
682    1118
291    67
174    623
18    178
350    271
84    87
601    12
13    367
660    710
346    127
294    111
148    56
663    544
690    364
70    597
429    23
689    273
314    655
201    556
627    273
296    480
178    1258
590    475
480    96
22    568
1    162
31    136
346    120
65    98
642    44
481    430
463    224
406    220
655    782
666    258
606    83
389    99
608    607
634    7
29    264
325    58
279    137
690    25
7    73
697    294
116    1020
542    109
311    88
533    371
643    53
56    969
508    153
577    447
299    487
43    747
135    55
10    197
542    772
409    186
268    1098
425    895
686    425
592    854
488    328
225    286
409    209
354    473
326    484
469    306
559    197
441    342
645    286
303    143
1    66
664    663
295    381
232    100
291    117
682    357
592    12
514    293
387    429
111    315
499    157
203    323
624    333
538    566
91    328
144    514
298    211
301    12
486    124
659    654
125    687
72    466
647    328
609    258
498    212
543    111
145    447
23    214
697    331
315    204
388    559
500    611
642    88
405    684
429    202
457    231
388    596
675    306
291    100
151    628
474    274
368    234
13    818
201    196
35    333
621    180
682    293
561    702
487    96
307    70
313    211
95    465
621    241
617    573
533    696
476    80
56    501
457    732
14    923
664    81
409    661
92    258
334    879
167    288
83    225
128    367
313    300
577    407
577    1
385    46
92    636
130    1279
16    476
661    52
44    7
125    117
468    655
635    301
709    769
655    149
593    69
627    258
417    393
130    294
665    111
466    258
495    423
490    93
653    216
178    735
318    321
682    273
435    159
435    29
699    1
463    472
686    357
504    631
612    237
704    604
506    239
537    434
297    168
694    684
669    521
505    1
600    530
700    144
453    77
354    733
505    210
244    70
608    196
588    85
92    382
622    166
288    174
715    202
392    250
497    28
329    295
327    447
383    435
361    218
655    166
158    408
13    775
524    604
659    735
447    815
408    324
524    751
6    79
595    922
526    50
301    959
102    522
591    100
139    676
712    731
653    378
374    229
673    311
249    275
343    385
276    233
493    597
648    434
650    269
276    195
548    928
479    1007
385    177
552    257
486    475
506    749
589    300
451    877
577    531
454    289
416    281
501    1010
60    393
107    264
640    382
308    50
378    918
669    523
498    607
328    181
709    195
83    393
717    287
273    347
487    42
648    393
217    233
682    1305
659    675
503    132
343    10
334    203
58    603
373    232
173    324
483    380
332    628
650    663
682    763
666    661
290    109
13    896
617    497
407    188
618    969
393    153
201    59
303    491
665    234
690    98
401    275
378    597
303    298
693    23
64    185
655    172
324    331
379    116
69    182
472    313
665    216
143    1038
621    624
593    280
305    708
16    273
314    318
280    1217
706    245
680    408
276    174
709    823
727    678
445    144
707    427
660    434
379    746
192    813
545    97
416    28
645    956
693    333
328    1518
642    391
659    762
716    836
557    887
590    9
443    343
114    474
568    603
500    569
392    615
472    392
675    509
561    277
110    161
391    213
542    13
563    118
458    208
293    265
397    134
455    747
588    1428
643    94
35    748
548    313
216    79
308    506
616    260
665    133
629    147
343    127
73    268
535    447
468    25
493    188
473    319
738    651
588    315
504    70
655    228
642    1285
354    143
594    181
23    96
720    258
270    665
87    845
671    182
374    235
470    150
327    663
532    346
442    217
457    588
727    692
533    356
577    228
682    573
693    162
589    272
577    8
110    692
409    608
276    29
716    628
214    1017
290    191
453    1170
313    696
531    748
642    56
564    831
279    710
31    262
290    117
495    11
435    206
58    1084
402    12
405    659
43    69
380    443
320    122
387    410
374    323
491    124
244    1
618    195
393    22
588    433
560    489
472    404
606    71
503    70
536    188
305    684
115    980
695    301
497    11
144    98
189    175
606    25
188    928
429    70
654    22
632    181
630    895
707    995
417    219
301    412
748    528
214    173
24    92
328    597
585    1623
499    194
506    67
286    301
586    202
514    385
276    235
734    166
451    1265
450    761
643    501
664    212
548    284
557    325
320    145
409    430
721    191
94    210
697    242
251    300
655    64
648    173
456    474
738    205
699    325
597    295
308    792
522    192
269    818
416    97
182    596
543    98
640    56
749    1
537    469
659    172
642    579
534    121
305    382
654    28
648    406
524    204
303    174
5    228
113    1251
309    258
301    503
538    100
528    203
705    64
216    98
40    300
561    971
654    79
727    433
700    96
344    742
479    510
178    79
274    200
436    65
286    451
579    209
232    48
734    607
669    527
682    1222
741    783
94    436
60    286
4    11
526    690
495    231
468    238
505    50
737    89
490    50
718    273
514    652
629    202
727    1217
707    151
620    404
537    310
301    271
630    930
634    864
664    47
7    452
682    83
537    337
316    44
393    393
749    188
541    588
256    182
22    144
671    241
450    709
504    40
627    405
312    427
655    654
527    283
457    658
554    100
159    25
732    300
646    300
752    272
427    304
69    197
435    569
167    513
537    510
640    85
643    195
59    197
757    161
397    172
90    530
234    99
468    462
618    22
557    50
750    301
758    258
690    523
303    653
694    517
642    627
73    433
592    752
676    315
480    511
650    608
498    137
121    744
312    177
95    196
754    676
627    39
758    235
747    650
705    275
393    73
588    404
622    215
666    238
175    11
598    308
393    42
639    427
62    13
523    582
504    731
634    742
715    426
457    458
500    509
566    215
472    672
275    169
577    28
717    301
57    258
407    8
610    153
727    153
450    427
417    216
749    23
597    283
629    172
627    58
386    825
650    515
450    936
682    808
669    427
554    151
551    95
749    144
495    523
477    731
409    733
270    251
734    174
56    385
541    527
561    515
492    137
669    310
200    323
606    298
586    790
758    1142
295    794
165    169
712    776
733    1142
661    196
664    152
389    649
561    746
521    393
540    258
711    778
518    9
718    284
712    732
79    676
648    230
305    191
666    496
269    59
332    222
473    303
85    923
605    118
704    486
641    434
647    742
575    98
94    553
757    260
606    248
492    134
650    99
521    763
664    52
554    216
330    559
606    427
761    294
450    82
666    331
407    235
232    165
586    51
495    155
766    53
407    72
576    137
6    192
707    238
497    96
524    482
722    7
774    511
343    26
719    9
559    55
506    435
655    521
586    318
704    289
537    707
704    154
500    281
213    458
632    56
405    139
371    443
465    143
121    276
459    748
256    218
747    443
639    648
592    265
773    959
173    319
650    164
704    514
456    188
784    269
541    553
664    203
389    205
711    432
504    1210
345    742
788    568
230    435
291    262
709    739
209    127
318    188
457    729
682    272
586    800
773    239
91    22
592    589
357    126
726    274
334    255
388    323
85    478
579    514
514    31
504    1050
790    380
311    967
712    1091
207    56
527    671
188    153
398    205
733    293
455    307
378    468
648    502
600    177
785    195
715    627
653    492
551    150
537    724
663    96
372    436
711    65
789    127
407    214
303    241
707    694
270    815
25    183
660    195
794    242
629    22
574    332
439    301
593    357
498    693
666    662
497    423
49    320
521    96
239    482
794    887
380    582
569    19
682    252
459    568
778    1273
737    12
534    15
711    716
699    933
705    241
767    98
210    105
693    488
660    215
790    154
393    7
537    221
694    131
709    636
561    693
428    1313
758    826
435    562
621    472
731    462
542    451
747    844
491    100
599    1014
364    302
7    544
345    323
493    323
505    174
709    385
747    474
476    67
696    344
660    186
655    306
592    234
557    300
535    196
758    24
721    881
442    219
643    200
788    229
196    153
633    177
18    111
454    423
796    87
198    127
486    332
462    330
682    259
676    318
308    285
209    813
709    96
296    19
647    255
308    99
798    1119
694    617
499    12
458    546
675    650
501    685
303    875
487    258
593    723
788    70
467    10
18    208
472    2
278    515
642    174
758    286
622    833
754    742
655    257
407    89
504    725
730    109
751    85
763    210
526    288
85    232
782    878
675    874
535    1474
671    231
457    1210
747    494
768    65
738    172
629    523
551    1135
354    485
715    735
705    255
727    54
747    327
339    327
114    168
655    387
98    152
177    302
425    234
474    660
524    50
592    1073
562    286
524    549
115    282
574    327
303    385
724    880
358    1006
92    8
682    38
790    284
747    502
698    222
125    70
753    515
593    286
658    603
450    631
222    156
655    466
542    41
207    526
13    70
660    1020
769    15
125    746
744    482
687    319
592    744
755    304
267    579
627    651
721    382
420    301
535    1039
807    399
659    182
290    527
450    167
766    588
569    405
727    356
177    340
380    98
591    792
146    315
709    27
640    231
655    265
499    313
608    549
681    304
697    336
656    269
707    582
133    269
644    237
104    50
447    98
95    177
360    210
804    550
354    238
508    98
606    531
727    72
313    520
708    255
251    24
276    3
267    483
710    603
234    867
287    652
409    205
795    235
530    815
763    742
666    489
28    573
456    186
814    565
704    136
693    509
682    79
798    21
298    215
751    100
216    466
655    89
806    407
676    845
354    478
576    50
702    300
234    492
805    96
11    434
44    553
536    121
200    71
795    186
804    654
764    1152
788    194
796    168
716    490
688    329
817    124
345    268
489    258
449    1011
804    175
712    722
286    462
769    934
345    305
709    637
684    208
284    302
716    481
524    517
782    264
734    699
806    238
793    1142
23    62
279    211
457    841
280    88
723    137
727    1273
468    724
742    508
804    663
782    248
807    99
630    300
804    405
666    729
270    93
377    234
119    9
615    732
178    792
524    546
758    790
405    453
311    97
452    7
525    597
753    182
215    98
587    750
474    520
668    283
567    185
626    923
543    651
276    1016
285    357
474    205
59    425
827    347
543    636
799    45
456    197
825    1047
493    192
692    204
831    96
124    117
696    234
60    96
395    1
487    1011
655    483
805    470
721    680
581    275
825    369
605    295
146    336
183    177
762    475
408    271
823    31
673    242
294    831
707    221
653    300
484    427
753    484
13    602
348    477
468    96
752    1105
591    732
716    248
496    484
826    1239
378    58
406    420
655    1647
815    357
458    285
749    1228
682    654
477    49
206    272
655    1005
787    304
707    1018
712    787
119    286
806    254
675    344
16    15
318    968
567    177
565    512
727    91
840    845
666    205
299    98
533    174
699    1284
815    216
684    734
363    234
619    187
130    89
561    921
580    249
716    192
747    99
256    1150
398    969
438    864
640    202
326    391
406    129
832    181
835    708
624    269
339    168
545    94
378    417
406    32
655    443
403    928
672    15
487    627
412    23
13    806
387    211
487    125
795    164
757    168
738    747
286    204
699    455
788    234
660    207
792    1335
465    615
553    378
806    343
838    596
709    89
606    498
308    507
413    14
156    86
756    418
458    744
568    493
708    1117
781    324
130    42
624    294
757    265
270    88
87    273
109    288
615    792
780    423
670    479
625    640
712    575
442    1188
474    150
701    257
606    121
452    371
543    509
750    358
307    72
184    724
551    202
535    461
683    332
772    678
633    939
716    568
683    690
50    327
620    969
125    395
721    175
652    282
308    1169
605    132
713    313
383    657
719    357
840    478
608    694
734    604
474    584
119    89
786    70
293    67
468    1016
109    655
791    327
109    365
768    288
758    297
788    327
416    157
151    170
328    606
588    1044
428    322
745    480
592    242
549    237
805    386
795    200
694    614
396    840
216    184
783    335
622    101
551    410
588    231
849    928
798    690
789    93
506    187
851    27
840    166
805    147
693    98
794    514
659    496
833    127
798    832
545    588
813    289
707    97
213    170
767    172
425    174
616    286
663    333
694    176
850    204
458    190
747    478
308    519
37    833
648    930
851    1245
682    201
497    291
849    143
796    546
201    654
504    139
593    371
440    242
87    1028
663    69
144    147
112    891
674    304
851    11
224    380
422    219
533    77
524    1093
747    4
381    178
615    736
487    58
758    686
615    423
666    632
122    403
849    172
476    208
158    175
465    8
862    50
339    136
773    1187
709    452
815    102
772    332
793    109
661    194
412    211
280    111
747    929
494    86
391    479
804    675
830    22
830    177
308    567
691    478
199    408
391    628
216    673
782    515
487    71
379    141
566    684
659    578
532    722
534    477
640    180
608    742
643    739
853    245
592    939
846    603
313    625
486    327
748    176
766    272
437    237
65    531
838    169
447    1016
684    202
864    408
429    277
862    407
786    234
125    1270
846    672
363    4
298    132
770    325
515    1430
58    313
288    528
741    25
786    143
212    318
733    459
668    752
666    582
771    873
658    1101
600    576
784    271
553    197
854    281
825    508
780    172
629    4
679    196
782    1038
300    1094
246    174
765    286
474    526
330    202
396    597
639    83
395    739
796    381
744    50
537    213
535    64
815    96
796    603
757    179
659    204
783    328
851    405
495    144
749    183
756    421
766    504
749    176
796    217
830    651
389    301
674    315
710    1
870    952
852    257
24    132
707    1311
821    181
492    193
768    252
694    496
520    311
753    462
727    866
200    742
534    105
426    653
574    262
279    1178
694    449
682    255
727    783
298    479
173    327
189    1315
692    845
864    566
833    191
800    864
402    628
425    82
416    1428
654    210
23    171
707    8
763    469
831    272
495    173
295    735
751    432
851    68
378    173
436    204
393    181
843    208
662    285
59    466
145    55
684    435
757    128
753    194
710    720
677    245
466    288
130    188
569    284
528    541
840    191
690    211
763    97
112    346
869    412
595    544
807    630
623    211
642    843
735    285
312    612
727    483
823    273
367    443
151    4
843    578
345    737
37    230
757    566
252    224
308    156
551    26
344    132
833    512
706    288
643    65
586    655
456    4
200    79
671    27
244    153
694    177
781    223
852    127
711    451
178    164
686    48
767    163
286    257
650    205
693    199
621    1
360    1142
721    69
550    924
308    661
619    323
747    427
703    845
870    466
421    172
346    161
880    651
94    527
7    549
878    427
880    820
696    307
193    79
389    1007
554    237
524    273
303    744
864    11
854    237
593    591
751    708
877    237
484    28
666    269
804    68
533    318
782    296
846    417
119    121
201    157
90    1202
643    28
790    660
749    358
393    731
823    222
145    925
258    328
834    292
201    134
826    1091
714    1016
654    249
667    272
778    197
815    94
838    276
721    471
350    480
741    401
357    932
828    302
215    226
683    754
837    289
868    91
805    952
862    216
805    382
832    328
810    313
880    50
296    7
798    1270
455    237
761    127
883    50
866    321
851    772
450    416
640    354
579    169
749    484
836    216
793    815
655    1257
486    924
548    203
751    3
201    58
516    431
505    1409
537    1084
880    1016
846    132
77    173
373    645
877    274
764    14
568    224
398    692
840    462
557    268
833    675
637    866
711    845
854    268
275    164
727    636
399    9
95    1116
885    405
201    211
889    659
624    473
1    191
804    528
889    134
601    591
378    707
845    313
862    147
532    431
409    714
233    89
363    65
749    496
707    536
828    1153
632    50
823    433
436    1053
215    552
650    420
580    15
758    546
872    597
763    209
850    210
119    288
787    245
592    1143
80    483
825    275
841    754
489    324
881    13
798    163
399    99
593    471
660    491
500    77
846    180
883    665
754    359
95    381
840    48
778    98
891    117
864    966
848    899
455    123
753    134
871    1385
821    357
655    209
804    719
847    118
887    839
871    1345
727    1139
863    326
655    46
592    547
870    770
880    348
176    876
864    13
457    196
880    566
487    150
601    99
361    216
807    485
887    1015
10    654
773    2
402    483
852    678
591    79
595    948
449    60
805    7
889    196
828    83
662    985
802    484
429    28
796    232
678    1115
878    126
536    423
706    294
847    183
825    1016
820    264
513    252
788    492
345    87
707    212
890    89
696    906
788    474
626    258
379    193
675    318
846    238
535    425
749    232
639    582
749    96
456    1017
731    427
632    82
781    174
823    642
627    100
209    1086
896    525
379    331
716    601
617    859
749    746
779    21
13    69
875    923
727    79
548    79
503    1475
602    1
495    1245
561    511
634    288
650    214
276    501
882    15
787    750
453    4
878    530
899    694
13    690
655    251
394    771
552    280
588    117
796    222
402    510
264    675
786    732
883    30
758    186
766    729
839    950
780    496
6    170
454    66
530    196
727    196
774    227
830    181
795    153
244    234
864    349
630    237
596    149
902    258
506    8
830    202
427    286
417    171
766    662
514    191
765    971
566    736
473    1007
868    202
889    1134
697    455
314    710
193    286
661    172
409    100
104    268
640    313
659    174
396    117
660    83
729    748
372    164
781    180
178    781
571    357
774    98
833    647
455    291
201    1174
527    1101
899    685
299    97
900    137
472    175
379    529
735    298
395    186
903    994
644    181
747    287
840    213
719    79
334    815
798    239
332    255
912    238
831    347
711    77
407    216
804    323
605    405
532    480
896    385
472    375
487    628
833    183
608    131
72    526
862    111
269    521
725    15
693    729
650    186
864    1119
718    717
788    518
659    1138
297    465
398    414
880    831
749    802
617    440
606    88
457    566
682    380
840    238
493    257
803    245
618    136
480    12
198    31
556    604
561    232
865    122
879    763
314    934
901    287
311    198
211    1330
194    97
798    228
85    630
536    144
867    11
293    436
764    356
537    673
823    216
452    526
868    209
840    297
916    366
693    492
532    1168
339    121
567    481
664    715
72    493
527    180
545    627
582    269
871    50
882    692
809    286
18    216
551    159
682    156
537    511
463    304
382    1017
201    656
823    186
183    144
744    276
897    419
763    173
790    496
529    880
629    294
889    273
889    129
590    6
887    633
454    402
854    7
918    131
31    519
665    186
862    978
474    616
592    443
880    363
922    143
682    22
778    11
450    318
857    475
749    211
887    84
775    327
805    45
864    483
381    159
487    392
655    193
488    234
831    300
693    313
686    317
923    333
886    636
504    633
823    95
923    827
205    748
790    776
922    215
896    685
931    50
867    228
292    169
846    528
904    694
826    391
924    1400
864    623
244    1028
894    847
285    300
655    939
657    9
647    1047
820    343
694    648
932    135
751    737
843    96
889    678
862    737
764    70
916    523
291    742
773    382
880    69
762    173
110    238
311    231
666    647
707    297
796    112
862    820
846    71
262    92
703    1197
468    50
643    481
932    504
226    286
919    253
928    187
908    204
537    129
758    1016
119    299
587    334
881    739
934    423
565    971
806    1074
312    223
825    413
525    269
796    402
664    215
194    1107
727    845
843    176
478    12
887    82
772    300
821    427
328    235
897    204
909    292
387    1011
442    447
339    200
474    469
532    136
634    272
303    1039
897    143
804    756
524    523
882    988
454    480
693    281
802    234
889    155
880    864
399    222
830    480
937    275
781    215
942    200
767    483
215    159
831    7
178    628
469    161
753    294
747    133
542    627
846    219
801    288
795    42
885    56
654    151
843    581
41    96
915    300
655    1129
734    193
894    1131
760    739
416    1119
894    257
815    174
690    435
884    165
417    231
745    204
751    710
927    228
630    216
650    622
744    340
853    300
886    393
826    230
425    12
561    1010
87    765
622    253
880    44
262    609
815    257
886    1
222    167
788    231
943    11
795    465
853    259
234    527
806    1514
784    313
749    414
748    495
654    196
621    7
10    414
472    367
881    472
814    665
896    515
932    497
846    493
408    327
782    1302
738    423
862    179
942    261
757    222
886    71
409    1541
815    172
435    527
210    969
840    272
896    872
621    1093
582    547
713    344
890    135
682    108
429    257
7    341
60    237
230    174
851    1028
850    742
450    372
737    187
833    405
533    549
368    7
718    405
26    291
592    92
897    69
642    472
864    184
316    462
465    528
665    69
764    276
537    699
345    385
332    1157
741    265
753    527
569    257
907    86
372    1090
727    207
890    183
751    79
190    100
880    12
731    127
374    79
880    92
851    916
119    194
432    15
806    2
336    257
870    69
826    576
934    197
13    172
931    1152
892    5
639    451
495    225
299    481
532    1312
749    210
796    659
932    179
320    625
7    365
690    780
660    318
927    380
766    182
137    685
87    433
704    318
690    4
934    297
846    191
665    240
514    208
897    484
230    56
896    216
932    570
498    663
680    318
653    719
89    301
891    531
506    525
864    250
434    974
592    55
830    627
834    127
514    1074
133    306
694    582
318    531
790    65
635    879
378    47
781    187
774    228
894    319
777    42
151    385
64    28
864    47
644    117
711    301
851    271
474    294
682    163
881    228
864    182
918    582
796    588
684    1028
919    1137
780    660
632    195
198    201
291    844
559    174
447    737
474    468
496    174
864    210
828    955
174    215
151    805
486    1226
457    121
715    42
864    496
911    659
259    172
897    228
807    435
883    656
788    646
804    510
868    136
757    471
119    475
495    432
286    929
720    898
716    723
773    13
566    11
883    462
647    173
505    259
766    8
654    154
802    260
788    55
514    419
840    631
766    22
675    463
562    194
686    209
761    1157
847    1086
889    1218
849    427
62    134
642    28
532    203
913    310
271    1117
793    591
640    91
880    269
654    638
749    812
712    486
348    117
666    121
919    475
838    7
674    597
682    175
850    82
889    451
555    505
796    566
152    763
643    435
650    239
782    1391
804    134
647    71
934    461
875    527
624    100
655    315
919    819
690    722
835    180
918    487
463    749
713    302
847    735
270    185
327    178
714    151
919    742
11    52
457    485
671    472
279    713
783    750
753    71
210    402
731    15
603    450
752    358
399    658
406    23
942    304
489    754
802    258
932    209
660    294
506    1019
488    754
661    197
545    177
503    79
391    651
925    218
580    125
612    117
900    508
493    25
800    300
673    292
654    11
164    329
935    742
480    1121
713    311
747    416
864    178
552    181
661    707
669    246
848    638
833    654
405    781
719    582
540    181
497    684
851    353
683    323
858    307
504    575
658    467
380    50
521    651
279    95
854    664
178    215
938    763
650    168
797    127
881    625
727    841
405    392
94    91
712    71
341    335
751    28
880    603
763    625
749    25
688    898
654    535
803    339
486    950
552    1095
776    187
896    201
618    458
537    183
178    12
901    566
666    385
882    228
655    900
616    339
11    427
666    135
796    45
789    1017
562    185
13    393
385    357
696    302
7    592
637    676
796    611
588    553
601    357
311    371
527    86
164    9
934    617
290    66
807    418
650    432
777    818
508    378
606    501
802    413
682    427
453    732
399    794
798    588
521    23
612    1060
632    739
308    42
537    216
521    222
862    742
393    1531
373    69
714    284
575    176
61    310
853    288
682    1067
453    780
711    485
562    173
689    260
758    1001
846    96
435    33
294    1028
537    528
504    216
889    11
785    168
454    147
514    949
889    29
890    423
860    900
276    39
627    520
440    923
932    589
311    91
527    558
110    364
716    420
28    31
177    174
616    349
807    161
857    283
407    739
851    881
293    185
747    86
931    116
940    174
890    737
417    268
487    431
409    475
757    276
513    841
678    515
863    339
719    97
234    611
700    73
908    488
788    97
620    1066
621    1035
504    629
531    892
318    692
629    245
347    180
550    313
711    66
527    234
548    233
747    1631
766    234
705    625
805    209
468    584
625    204
119    458
521    290
429    506
838    168
654    689
559    70
354    185
443    748
798    491
271    97
524    515
94    238
880    1478
807    624
916    298
863    306
879    127
839    50
695    903
883    342
592    410
863    1243
835    272
343    13
588    107
234    686
125    168
557    875
18    100
330    376
576    255
918    737
366    637
874    191
393    249
450    386
922    173
805    1054
722    100
796    451
686    11
72    58
932    380
675    286
248    806
268    51
666    640
416    311
854    511
942    131
807    526
927    230
888    286
671    686
664    321
739    318
877    176
932    498
478    283
757    257
896    542
394    202
938    1012
598    690
892    403
537    517
932    161
727    665
717    299
796    281
268    176
286    250
524    82
474    479
883    65
497    1046
611    288
942    172
406    513
553    528
704    173
567    657
472    421
435    501
577    768
870    79
402    228
882    684
876    276
191    315
553    498
130    419
425    1416
650    506
666    194
880    435
643    197
866    887
889    271
698    257
922    50
751    111
736    127
77    156
523    732
708    111
486    685
885    278
831    1012
790    763
870    527
524    203
8    222
595    410
749    164
843    443
833    443
909    289
893    144
871    908
846    184
936    741
727    405
58    1
561    473
851    228
894    1010
592    285
680    150
545    434
815    647
479    474
864    67
727    685
896    87
882    168
269    52
328    313
344    408
727    511
507    288
299    12
898    270
451    302
661    210
932    172
758    154
721    684
707    248
903    333
87    121
899    483
908    151
936    1014
649    250
788    144
23    89
927    240
655    182
234    964
821    560
750    873
753    181
686    178
437    443
274    873
1    116
18    510
696    9
918    792
943    200
664    494
933    173
729    751
94    51
663    763
570    286
506    496
891    282
498    317
758    1527
464    520
16    939
627    591
892    25
677    7
666    180
472    1215
943    188
615    213
471    82
561    512
705    546
343    496
586    159
899    257
92    322
716    732
760    365
222    50
889    79
901    405
874    124
815    494
406    924
487    229
170    678
796    228
734    478
665    56
834    246
503    484
591    168
527    12
624    690
452    50
839    508
546    200
635    874
429    616
854    50
862    100
846    542
765    275
895    50
659    212
637    322
735    181
727    82
754    459
776    355
131    248
653    245
201    792
741    7
648    436
678    276
877    381
671    203
548    50
807    194
890    228
457    179
746    204
506    607
561    496
747    475
939    1190
394    715
652    300
763    509
645    656
634    690
216    81
927    1229
716    117
854    12
710    343
383    316
880    1210
537    197
920    270
11    301
773    432
551    125
758    550
904    300
766    403
532    1228
796    66
882    180
867    22
354    971
751    709
58    174
871    202
864    391
314    477
389    486
709    50
303    615
791    245
883    175
15    748
939    993
577    215
848    845
83    756
578    245
710    346
886    558
942    362
851    915
869    13
796    414
669    190
727    1224
882    419
738    732
622    227
426    482
807    195
653    290
416    150
798    602
522    208
758    250
402    275
886    227
798    95
389    728
720    316
7    318
727    597
933    405
911    272
314    540
627    947
748    194
666    546
808    312
417    651
867    176
908    427
802    448
639    1193
892    820
671    550
497    141
915    307
346    96
844    121
891    933
416    218
878    225
756    1074
441    338
551    640
42    141
533    135
624    979
527    174
624    546
757    328
772    322
253    168
591    70
632    133
643    685
880    2
875    50
468    89
922    184
815    154
399    82
748    527
589    338
747    318
774    194
716    69
42    181
741    92
543    1073
887    946
846    26
746    161
806    258
605    79
907    248
883    355
450    1311
532    1300
672    321
883    8
348    151
668    328
72    1
268    144
534    125
640    926
805    323
782    358
643    665
643    246
749    271
766    28
496    168
642    795
880    99
740    328
724    258
887    969
640    540
738    168
723    258
332    173
1    217
716    134
327    778
576    208
839    742
899    50
92    558
851    330
159    125
592    9
162    55
487    568
882    118
624    1289
875    64
654    87
763    432
498    190
871    183
826    91
778    79
666    64
62    1133
842    313
802    379
460    1011
276    109
936    1097
600    720
712    376
661    756
555    50
492    199
95    49
587    307
244    276
655    7
773    1069
909    744
891    313
291    125
833    218
586    177
104    222
916    217
770    334
833    445
379    526
311    135
363    455
862    271
15    258
807    570
18    524
406    70
545    164
322    483
469    168
862    182
787    681
862    143
881    51
860    274
58    203
896    50
481    181
815    417
484    471
833    475
862    434
639    194
872    1047
506    132
130    389
13    209
503    356
741    22
303    1044
121    172
889    191
811    300
795    143
654    1048
455    183
899    367
224    222
722    111
402    137
483    222
537    693
476    399
802    678
660    204
917    276
923    295
840    514
775    750
595    472
889    1067
741    56
880    68
234    1011
279    379
207    847
846    209
795    58
933    1
495    636
927    763
840    52
429    425
937    300
837    258
630    111
506    580
653    208
919    1284
496    506
919    709
663    3
749    209
913    750
833    188
33    880
642    1224
889    1262
875    98
851    355
694    665
13    647
792    121
764    111
693    685
198    682
447    83
130    77
815    117
628    294
815    485
654    568
793    148
802    573
851    879
139    237
804    447
461    327
439    290
793    151
504    595
224    125
867    9
450    812
844    117
896    327
381    596
700    173
601    239
354    527
716    56
734    274
76    203
798    417
620    755
222    72
881    99
284    319
751    751
592    129
715    746
548    546
920    302
553    1
823    356
892    153
758    896
182    1
889    866
621    233
508    175
899    31
712    191
63    262
906    125
590    275
749    531
796    118
15    472
693    272
527    508
907    245
817    258
823    195
863    1431
599    245
851    840
758    313
435    202
650    563
244    28
889    1097
331    306
825    1199
398    482
622    79
630    282
690    66
894    1115
648    575
308    356
833    293
192    9
938    473
436    941
932    745
746    423
815    222
796    82
274    596
825    249
190    237
568    127
559    1556
577    559
544    304
699    596
815    671
535    211
785    318
846    693
437    23
942    97
728    319
633    50
823    187
501    829
115    192
927    866
552    126
744    481
772    752
299    855
318    735
833    89
880    456
222    628
869    515
763    212
361    47
873    313
817    329
934    83
773    737
854    203
299    747
795    151
807    826
887    288
880    246
763    83
746    385
58    491
883    387
495    633
859    1048
851    1105
848    393
883    796
648    864
290    136
650    315
804    969
694    490
286    101
151    491
222    98
748    271
885    662
882    275
634    546
629    270
816    328
796    356
898    689
416    520
655    966
331    8
620    172
901    1041
813    9
326    199
870    503
880    7
533    292
709    554
398    607
843    420
336    25
235    96
861    529
709    849
907    275
709    121
592    526
883    319
872    826
854    1226
904    216
622    763
345    244
94    159
642    725
699    683
828    59
389    419
897    98
834    544
795    123
840    516
406    124
406    483
751    428
10    23
934    175
765    10
682    1047
893    151
548    300
823    625
934    302
539    59
698    89
183    739
506    63
868    200
399    462
780    705
880    105
592    471
643    7
282    358
533    449
880    64
606    651
627    528
757    172
889    428
425    11
899    222
395    750
279    259
387    518
279    1481
459    127
931    283
897    479
452    520
630    1197
180    40
916    423
885    568
112    332
887    222
523    42
931    896
662    246
280    70
854    632
874    305
808    751
655    15
883    100
279    833
923    105
37    233
806    45
655    1098
807    470
221    399
747    238
640    580
889    615
291    95
889    575
481    202
21    127
560    498
406    569
194    318
867    204
795    546
321    221
880    845
330    479
903    180
619    391
719    127
813    271
741    79
894    883
682    241
762    709
833    182
486    889
301    90
276    89
232    268
867    132
815    258
881    480
286    629
593    845
259    173
887    225
416    269
782    538
922    427
637    591
727    222
933    135
846    436
474    427
593    8
877    553
629    425
412    431
244    65
675    244
788    984
896    154
538    182
854    606
913    613
843    144
927    623
689    117
802    184
938    471
903    582
885    523
694    427
725    881
707    863
627    576
216    47
886    268
757    827
721    729
717    815
540    405
542    1
452    516
943    76
314    8
342    246
798    254
592    249
896    204
260    307
903    523
73    129
711    218
454    302
707    1061
892    768
632    73
864    732
878    529
905    273
308    824
328    237
877    164
760    237
886    234
697    126
936    117
932    196
758    746
820    333
940    168
763    135
13    837
894    295
936    1241
839    100
806    856
885    143
782    877
204    269
327    268
826    39
545    142
267    135
586    241
679    100
934    135
775    245
312    1050
643    492
453    202
863    1395
603    50
412    169
677    288
923    100
514    474
406    671
526    127
870    1
202    96
840    1451
518    237
398    79
549    282
417    576
467    1059
828    751
450    722
755    328
326    196
880    137
897    699
703    591
380    199
550    1089
881    864
823    194
453    144
417    134
615    475
751    497
896    651
756    419
932    650
828    896
625    200
756    501
632    69
773    1529
804    379
880    423
846    203
937    847
130    681
749    498
764    595
883    183
825    127
823    427
938    25
184    629
877    307
312    124
93    934
793    628
565    207
936    259
551    219
312    459
615    262
657    340
535    919
845    1234
11    365
892    195
777    273
730    340
115    302
767    1121
470    222
650    519
709    250
876    174
634    547
758    713
312    529
711    98
806    111
773    286
682    1132
524    221
393    941
766    484
327    33
380    86
303    33
727    94
829    276
889    1153
110    31
214    209
804    1025
716    633
707    476
617    668
606    38
727    982
165    432
916    234
640    226
532    2
537    311
862    282
805    1149
643    1221
705    96
764    202
805    271
807    523
425    89
436    869
536    87
232    475
864    684
457    69
790    79
394    546
846    527
486    25
897    433
593    478
428    242
472    214
457    695
719    274
901    393
854    825
303    390
521    195
697    324
458    116
928    165
823    238
560    201
830    174
910    56
488    193
194    136
934    414
478    780
655    191
782    257
382    235
82    603
288    210
902    479
746    455
624    3
854    98
932    429
658    69
509    690
20    50
897    406
896    265
746    265
159    118
763    194
840    603
258    326
785    69
335    340
863    909
861    242
655    502
795    191
929    195
916    767
843    1135
699    270
825    195
394    418
393    541
694    530
603    227
523    202
823    174
807    428
589    751
496    68
846    200
897    530
830    173
701    326
768    682
664    414
486    50
484    87
848    183
563    301
714    281
899    455
429    357
861    292
789    150
659    517
805    890
796    31
913    19
284    334
600    391
537    430
734    605
880    281
937    236
773    235
854    271
370    57
907    322
362    879
145    64
879    685
934    94
532    368
758    285
573    135
504    705
847    181
796    152
823    50
701    269
735    301
648    526
308    684
437    152
530    1136
511    343
452    1204
886    144
823    66
804    797
835    988
887    128
862    544
455    159
634    1197
747    735
825    325
880    385
151    135
766    180
697    305
880    300
929    187
326    514
659    483
854    466
267    77
636    15
896    587
897    633
846    95
865    100
332    89
615    521
896    557
829    639
870    433
776    182
524    1073
846    89
573    519
932    167
871    242
627    941
430    168
791    275
677    101
308    411
550    249
385    1506
120    515
835    205
416    765
686    89
784    344
758    137
232    196
852    472
743    748
932    663
846    233
883    896
867    7
666    646
390    690
854    544
709    176
860    26
793    7
624    508
769    685
805    38
790    155
878    739
518    742
399    465
134    338
840    499
7    357
862    823
918    958
342    475
881    504
175    111
230    64
863    302
866    315
936    16
647    294
787    748
486    279
22    209
870    558
801    682
620    112
751    121
934    66
798    72
346    58
615    190
887    65
932    484
927    255
140    988
279    47
104    471
201    1103
786    4
632    182
391    96
779    117
345    215
805    68
938    1283
786    286
916    792
593    284
479    234
709    651
929    172
881    763
447    202
389    488
911    428
870    87
805    100
533    208
388    219
683    626
735    275
943    816
871    4
896    496
892    641
889    739
393    248
643    430
882    135
723    164
526    271
916    196
854    469
892    15
835    378
436    928
871    79
908    183
938    291
916    7
484    930
692    762
625    135
790    233
887    496
782    307
916    385
654    282
379    843
880    383
891    121
468    91
144    690
919    236
932    100
22    526
614    121
655    975
506    135
246    433
537    806
893    125
798    746
804    96
801    355
757    148
158    290
881    176
313    357
747    63
880    177
559    259
561    737
563    167
922    77
702    380
537    195
32    181
479    498
343    583
95    194
903    272
90    942
805    234
592    512
773    189
737    258
924    482
207    177
475    539
541    924
881    28
861    462
711    408
131    536
671    2
435    432
928    114
552    619
883    52
477    275
622    7
398    185
119    93
583    655
894    1281
877    173
807    229
923    307
399    356
879    292
798    755
588    716
795    21
864    223
16    943
636    272
271    43
749    143
732    294
864    591
796    79
553    187
592    813
354    887
851    820
340    196
903    346
664    183
932    357
698    385
749    66
529    307
926    321
10    179
892    215
911    142
781    50
875    28
851    1059
455    385
851    410
896    1098
879    125
862    640
881    728
713    272
768    255
889    746
807    659
592    458
854    421
779    125
591    710
784    690
758    210
695    312
886    63
145    926
334    290
642    4
938    121
650    191
623    258
631    315
19    294
812    333
930    64
804    930
519    751
896    422
650    601
854    756
588    692
727    474
774    250
871    181
153    322
588    286
450    69
177    238
533    28
16    410
661    195
825    409
21    286
627    23
734    164
748    408
629    435
344    496
880    1224
892    568
500    846
373    465
221    117
771    694
877    98
764    7
887    115
826    651
323    156
896    183
12    127
374    181
328    167
727    128
872    930
655    61
788    736
489    879
829    1
450    366
864    678
330    82
705    377
889    433
868    114
865    1240
896    128
840    501
899    603
601    387
749    546
505    82
450    1518
851    689
561    925
786    50
864    81
773    251
738    197
795    39
226    23
833    645
738    1
804    504
60    141
753    316
936    235
867    191
877    52
546    892
608    234
886    58
230    10
758    43
328    481
790    168
655    1448
407    189
591    4
835    514
463    286
539    215
897    290
455    744
606    1011
318    941
884    638
398    283
200    465
592    99
503    185
880    24
634    845
933    166
634    245
118    234
901    423
46    262
592    1166
758    293
532    840
682    721
938    288
409    79
725    748
846    638
653    620
865    473
728    323
751    204
894    1005
672    181
747    653
64    347
498    337
930    106
796    486
745    9
504    168
938    1152
669    111
872    284
746    68
901    451
894    125
831    750
409    83
798    694
175    98
848    528
303    259
916    79
882    258
747    129
846    521
930    1
934    428
218    431
927    111
881    1228
870    197
911    465
711    727
482    313
639    14
798    181
530    470
59    507
605    187
648    742
180    235
910    597
804    928
846    97
145    544
934    89
864    509
862    979
896    164
452    480
591    954
650    176
830    510
801    358
539    301
618    186
918    630
884    921
741    172
102    316
894    347
293    432
846    48
880    1047
897    120
862    132
693    402
497    1615
658    923
422    441
527    423
934    965
880    226
117    164
382    514
535    134
754    307
872    273
402    100
532    754
500    1315
653    188
942    520
524    117
758    1047
804    118
847    66
258    300
924    511
411    202
936    19
664    318
790    721
899    203
653    265
655    1638
919    447
403    50
407    498
749    162
723    50
57    717
838    257
599    220
577    452
450    504
450    63
710    277
353    313
703    328
152    451
545    1091
234    190
501    93
416    1168
877    371
727    538
409    529
847    228
436    234
749    566
815    732
838    254
714    323
610    135
833    931
804    527
863    343
851    1023
823    408
842    302
249    123
870    223
936    756
912    64
931    306
727    385
257    1137
907    151
634    284
889    482
731    720
758    139
880    184
716    451
712    143
833    179
738    343
627    317
892    49
577    356
486    1142
542    50
851    174
807    118
749    380
695    678
45    826
927    755
472    338
881    69
409    466
811    321
483    228
385    132
847    652
280    276
868    100
249    93
751    227
843    530
796    796
927    64
463    476
59    28
711    622
901    95
823    183
846    511
501    678
725    879
916    1194
510    873
749    94
908    174
553    589
582    458
560    50
930    275
819    286
411    238
478    15
664    69
664    54
758    340
665    1048
570    327
819    245
648    88
602    118
936    276
417    209
539    258
877    451
416    732
676    316
330    231
943    22
790    470
758    150
87    128
838    419
943    28
716    501
409    136
699    294
894    462
479    403
896    58
886    49
118    427
286    1053
751    603
756    300
886    174
13    116
712    174
682    403
882    70
251    480
669    205
863    289
857    20
851    234
619    68
868    710
943    732
832    313
666    12
244    735
855    462
167    465
843    62
655    715
834    237
452    172
892    99
666    282
894    707
592    203
779    225
184    274
829    582
790    317
634    685
846    73
551    51
773    200
882    378
814    98
332    562
115    696
592    134
788    317
711    83
499    524
711    419
749    729
936    904
414    270
546    121
807    230
934    708
305    69
896    2
825    252
669    248
651    276
788    1107
693    50
551    229
878    1039
95    507
336    579
312    644
926    294
890    136
374    25
884    713
919    755
409    854
784    331
889    1553
896    313
852    568
764    286
906    287
430    127
541    459
927    756
933    11
650    144
796    99
889    881
622    109
843    180
881    511
291    240
593    535
226    596
839    1
912    507
154    523
721    435
943    566
643    183
213    194
561    160
758    13
875    428
815    229
456    324
506    693
189    473
452    223
703    127
910    405
807    625
650    378
290    99
883    514
919    946
752    1463
577    770
334    10
886    194
650    474
623    185
916    531
233    215
620    418
622    161
328    435
839    1245
870    204
923    1277
403    237
630    64
606    58
637    15
884    213
507    841
607    238
885    538
535    382
870    480
707    287
846    549
756    155
582    321
495    218
347    357
894    100
484    95
666    649
906    744
845    286
941    273
854    156
747    511
864    167
562    432
328    54
804    193
807    1076
627    541
574    268
788    511
695    989
889    234
919    340
605    274
666    211
924    896
897    705
707    692
716    98
936    295
26    288
491    684
923    475
551    89
899    237
606    441
908    528
748    479
435    8
835    194
663    749
899    190
590    293
298    282
92    433
654    82
532    523
896    258
832    50
919    151
843    200
650    385
593    272
54    148
151    73
562    234
907    237
363    224
666    655
797    1023
389    240
936    237
782    50
554    191
881    257
804    1260
785    50
815    559
550    257
782    1384
910    310
931    304
716    1269
103    98
553    134
790    1047
788    323
823    742
381    225
606    198
99    473
383    185
896    199
705    797
75    864
833    410
862    406
641    258
829    10
751    94
10    604
683    258
804    40
682    62
932    502
253    966
618    1063
851    815
548    176
16    66
41    135
836    187
758    117
804    291
942    318
3    346
892    483
559    652
916    98
524    1107
577    97
158    7
938    100
806    318
847    602
749    178
324    321
897    185
804    820
938    220
907    988
400    313
934    1203
655    1262
189    523
622    742
833    1353
716    190
858    127
758    204
883    207
421    79
918    656
919    1119
936    289
262    234
884    212
747    715
772    271
618    588
279    1496
13    188
788    153
871    271
551    895
864    189
883    580
536    386
763    703
933    175
751    274
796    450
742    282
846    738
374    411
835    1278
441    300
610    176
813    243
894    287
870    367
159    932
851    95
747    900
907    781
606    1149
586    939
389    618
728    748
886    164
598    538
916    23
815    333
592    750
557    307
923    741
883    82
908    709
577    660
779    255
710    294
908    209
724    887
924    71
723    286
543    191
793    252
805    659
911    419
399    246
71    6
883    684
871    510
7    198
484    241
934    69
935    15
758    310
720    311
43    892
932    1149
727    651
923    1017
606    393
262    269
887    122
926    262
868    199
780    515
145    754
647    174
232    357
581    1353
934    196
798    731
537    429
898    309
475    302
655    192
862    748
807    2
504    742
561    942
901    732
798    15
233    845
293    45
493    333
890    483
861    937
704    134
933    763
629    275
870    318
251    25
401    243
665    417
363    238
886    655
796    127
624    833
14    19
842    272
796    94
474    47
921    294
613    279
395    118
339    241
553    655
883    408
437    66
892    186
880    748
918    659
874    302
132    806
655    1630
551    583
280    172
479    496
889    1487
610    606
907    1
506    228
334    99
500    546
712    400
281    748
843    526
407    169
524    265
639    514
913    195
932    169
548    475
298    482
911    215
892    969
776    523
808    346
130    761
864    265
825    282
805    1008
892    679
846    942
34    991
178    220
848    210
933    82
934    462
796    378
504    423
654    496
567    650
908    732
927    38
937    116
919    14
934    403
474    405
910    205
253    318
901    252
805    173
110    1229
785    273
18    357
338    382
551    403
385    522
717    995
758    1283
719    735
31    192
906    285
159    288
682    1
788    696
655    305
521    42
852    926
777    245
883    531
899    117
632    134
486    252
732    269
889    513
92    65
488    71
804    1060
902    879
926    269
936    312
669    475
535    7
552    281
892    131
528    410
846    98
907    278
738    135
518    405
704    340
619    79
98    194
862    485
766    428
880    110
721    263
870    435
663    240
532    990
788    157
739    50
899    200
903    651
485    752
693    1136
874    286
211    215
379    621
363    181
655    913
429    199
113    975
721    262
