224    29
160    234
284    304
25    181
138    26
293    5
11    111
135    23
265    118
237    514
224    245
87    274
99    268
172    177
18    443
94    1217
56    755
161    202
151    10
200    318
279    68
83    623
264    813
218    209
23    385
296    508
184    218
301    191
63    1067
191    302
87    40
191    286
268    62
102    823
109    631
13    498
250    238
213    176
189    1060
72    1110
25    357
235    185
117    150
276    57
109    8
157    25
94    744
138    484
245    1028
298    181
226    242
1    202
95    1217
256    127
90    1198
308    295
134    323
268    147
248    234
295    39
189    20
268    21
141    245
178    433
234    487
54    302
270    25
276    294
10    461
311    654
6    463
104    285
128    317
126    245
268    583
7    543
256    761
44    644
303    68
6    69
85    433
198    234
286    73
291    1178
24    191
144    125
57    79
194    187
8    50
62    302
16    178
18    950
7    171
198    658
96    673
25    257
76    61
291    15
307    949
194    239
174    402
4    264
130    949
58    173
248    257
233    208
222    1041
253    746
62    433
99    246
18    729
244    662
18    182
5    363
38    161
308    215
216    196
294    508
313    22
48    680
22    258
56    184
224    678
246    425
158    510
182    69
151    372
90    499
204    216
294    282
6    478
178    276
60    1021
103    24
135    39
42    685
49    581
306    14
16    56
56    172
308    493
144    508
5    102
22    510
259    772
189    751
109    627
117    151
49    547
250    404
262    568
235    480
246    68
263    197
62    114
207    1436
59    550
87    2
29    332
84    12
85    501
158    72
276    38
128    228
197    229
131    1281
16    155
303    209
303    435
223    596
279    1376
216    69
97    89
181    327
216    697
291    214
68    7
303    277
130    267
94    556
275    173
295    704
224    332
223    969
90    425
307    509
145    393
244    652
311    172
6    275
184    100
13    488
311    1222
303    87
256    765
254    418
59    70
213    12
303    1315
42    603
257    345
179    905
236    313
292    195
97    98
7    241
109    797
4    357
104    269
82    596
291    226
308    581
186    385
276    583
7    153
43    66
60    47
58    284
280    693
201    292
287    56
13    570
298    842
145    13
82    73
85    175
194    404
172    488
295    151
201    587
7    680
113    329
25    729
44    530
34    690
308    166
291    159
318    476
94    229
128    79
222    153
123    847
58    960
144    31
16    942
79    246
92    763
59    663
62    443
326    480
1    92
43    26
64    527
56    585
18    647
162    121
76    135
244    31
274    288
6    211
100    355
60    79
253    183
151    522
279    163
255    879
144    778
1    134
303    867
174    699
234    500
288    742
195    887
233    357
203    336
276    429
75    1017
320    68
322    32
207    133
96    91
82    504
223    322
69    258
86    258
274    25
323    333
65    676
244    676
293    484
62    559
261    322
85    53
124    616
23    528
7    268
136    298
221    250
128    283
74    237
318    610
28    234
59    405
270    148
321    631
56    597
57    250
279    1017
328    591
200    586
284    258
243    660
314    791
213    50
197    231
13    178
264    1069
293    654
195    1084
234    1035
119    154
245    222
263    523
173    300
52    748
320    42
184    498
184    716
298    261
271    172
5    445
24    742
311    553
106    69
236    143
326    496
48    603
297    652
293    566
151    509
57    588
271    180
295    722
248    185
109    1011
276    801
313    180
324    1033
106    286
244    369
329    512
234    671
190    717
142    189
293    521
271    134
254    141
249    455
116    187
90    311
223    470
207    1102
95    843
279    363
254    596
109    62
313    131
64    231
312    408
303    421
94    742
224    1119
49    569
110    188
210    219
217    810
219    179
152    125
189    705
43    235
178    655
342    792
287    218
59    1109
213    447
311    720
338    613
151    813
270    281
236    200
43    7
308    607
116    313
234    283
170    328
244    278
159    328
302    328
1    229
334    1108
77    23
330    121
158    8
151    755
84    289
263    183
239    135
247    251
246    426
175    31
268    404
18    964
73    474
320    11
63    301
158    42
87    651
269    474
11    428
326    444
68    405
94    402
141    744
100    302
125    290
94    257
18    739
297    699
119    275
119    193
1    125
173    938
324    597
9    521
269    608
207    1283
282    271
222    739
313    139
48    210
339    288
321    224
250    64
253    198
151    655
65    1129
125    734
165    304
44    228
332    1188
254    99
279    13
57    1093
225    136
62    89
194    523
209    242
44    238
85    203
56    426
280    11
18    25
12    172
339    58
201    275
233    958
216    721
292    28
145    203
276    786
128    966
332    44
334    481
244    101
299    50
106    64
76    258
179    354
347    501
22    117
72    566
250    485
94    1199
222    436
13    302
318    524
109    823
320    174
242    305
13    208
144    845
18    191
250    378
169    603
99    1119
311    433
239    1245
64    429
206    896
327    469
38    99
128    427
102    418
323    1017
257    305
103    126
269    211
159    1002
277    151
253    568
90    613
263    486
280    404
130    228
343    76
14    408
65    191
230    199
119    866
145    174
90    435
43    241
174    255
151    224
234    501
311    258
256    1119
279    167
330    447
178    193
7    432
116    806
291    770
144    521
296    654
171    245
38    720
183    483
311    178
193    465
23    28
111    326
128    609
271    283
18    14
216    367
332    156
92    778
294    118
181    319
181    676
303    506
343    20
62    100
83    22
131    313
294    250
7    142
215    474
7    156
303    234
79    286
292    429
312    57
280    381
95    523
60    514
327    237
18    286
301    692
346    187
201    447
332    696
244    1098
130    49
184    287
293    134
60    485
57    1028
286    1091
42    99
8    89
117    368
194    1
142    28
234    526
256    783
42    1051
58    237
312    587
60    1124
194    202
263    79
123    485
5    139
354    191
194    433
323    100
334    276
357    928
184    458
301    651
258    311
49    325
298    237
325    181
13    190
218    762
308    521
6    479
363    288
232    462
210    447
81    410
339    73
193    276
8    686
368    379
371    97
344    204
6    487
295    102
345    1315
291    379
245    112
173    294
65    318
345    251
53    199
32    118
253    237
234    414
179    269
303    79
69    689
10    705
299    1141
345    172
87    88
221    789
6    528
85    382
363    616
154    182
299    889
290    1336
346    977
323    327
18    610
333    748
308    98
136    1142
100    289
90    178
254    174
10    367
263    328
311    199
268    265
264    709
16    735
33    313
325    135
230    51
267    7
338    604
46    313
268    82
38    225
291    41
87    79
354    882
297    175
28    218
54    1016
119    562
378    63
20    405
151    514
311    527
11    135
188    13
92    552
22    999
372    219
180    69
313    487
328    98
303    260
180    216
234    603
75    108
280    7
327    1067
247    111
330    181
288    15
171    327
311    365
354    716
110    575
295    99
326    559
62    147
194    124
276    282
110    732
138    111
297    116
232    276
348    742
311    58
223    1014
327    645
189    96
326    82
239    168
201    285
43    118
323    249
201    324
1    209
130    959
268    421
279    4
279    92
184    70
94    206
165    419
283    216
311    627
186    71
293    2
194    509
271    713
357    742
21    325
151    602
67    276
330    603
198    629
92    471
192    301
5    109
82    1101
337    257
345    317
94    156
279    114
348    147
378    65
188    98
33    895
188    38
177    196
316    265
294    689
125    64
279    578
54    257
156    211
54    127
59    125
288    887
293    82
56    96
119    451
95    117
330    1016
84    64
7    637
373    151
232    181
137    183
279    556
281    538
77    174
308    219
16    69
293    1147
90    177
59    659
345    866
378    191
181    125
77    210
152    162
374    292
330    275
260    326
201    673
54    273
308    822
213    684
332    235
13    615
56    51
56    391
328    218
178    367
13    720
110    779
293    425
99    676
43    49
327    233
268    209
374    581
280    576
297    273
234    1149
330    208
67    827
125    116
373    625
243    387
181    834
13    124
99    100
102    443
312    919
339    523
151    203
289    24
12    753
145    413
387    58
200    743
224    704
271    510
326    210
330    58
201    325
271    1101
213    678
236    148
314    406
168    257
181    819
269    985
276    141
294    248
91    181
1    183
276    682
14    172
200    473
109    423
141    471
374    427
346    134
222    1438
167    136
190    291
377    748
378    141
151    83
262    949
387    447
361    709
350    657
295    162
332    291
310    740
313    657
131    19
200    231
109    356
189    275
276    340
366    447
286    1140
295    164
296    484
62    697
120    924
343    228
201    99
332    449
66    597
52    531
199    111
303    15
305    511
5    176
295    98
333    79
56    738
91    618
380    518
104    412
6    193
303    396
253    298
254    429
89    762
279    1230
328    22
198    636
216    7
200    196
235    174
90    692
222    432
291    48
43    405
196    25
16    479
60    143
253    806
279    433
314    218
128    425
189    294
372    672
354    497
263    95
276    672
85    464
163    234
257    116
295    997
295    7
383    505
344    125
210    188
118    474
257    462
102    298
308    12
294    79
18    188
393    932
145    696
387    1115
303    739
276    1240
332    871
201    187
315    127
54    827
64    879
373    747
102    208
293    209
339    631
117    109
309    938
265    477
336    655
87    25
371    237
325    193
14    603
292    83
276    307
311    1
396    291
271    356
124    96
255    833
130    496
248    11
360    194
264    762
363    1485
369    988
85    327
125    692
328    696
293    151
63    300
393    651
244    196
342    1160
244    1074
115    443
122    470
271    141
87    97
354    702
43    951
24    258
167    1310
354    1101
57    151
336    49
63    952
267    479
1    236
299    916
348    276
262    318
48    170
187    275
10    160
188    732
109    68
192    1405
262    491
328    228
48    427
308    199
64    71
393    1469
320    90
15    476
95    142
199    276
95    185
331    811
405    56
389    496
325    492
303    55
363    347
378    304
18    953
224    655
315    48
345    1016
244    723
290    685
102    50
57    476
383    474
214    195
207    144
381    216
299    95
343    8
151    160
231    121
339    607
267    824
151    287
41    174
311    232
290    739
337    135
251    15
204    45
18    423
303    778
94    234
200    840
194    195
232    202
303    729
297    245
354    904
94    102
406    479
280    586
99    12
290    832
225    492
7    393
389    836
145    3
135    744
157    1302
249    748
100    990
192    302
85    94
375    761
148    163
325    458
308    466
279    250
299    181
192    257
10    435
344    845
64    215
188    632
87    183
58    61
392    276
286    195
164    333
152    151
343    130
318    237
405    692
387    461
221    265
248    324
65    582
301    153
56    294
118    218
379    417
399    33
274    294
380    652
352    234
345    471
92    135
200    183
401    609
65    211
345    49
345    100
363    196
85    658
99    255
405    787
377    100
345    33
178    273
54    871
178    181
214    23
377    751
340    402
22    692
373    488
293    843
198    95
7    131
246    260
354    58
1    129
403    121
18    275
236    705
384    689
26    255
308    127
58    684
221    70
303    42
49    588
372    327
348    411
392    873
48    656
102    588
180    204
265    258
374    770
175    660
44    191
406    1126
94    76
343    778
301    1028
332    410
269    636
77    357
271    528
216    153
251    418
378    10
345    26
379    523
290    43
1    130
345    64
41    153
375    443
360    496
30    538
343    38
393    386
99    107
307    239
266    283
243    531
339    772
7    273
323    210
290    162
197    289
314    959
321    193
239    855
80    215
321    56
76    23
18    1
275    208
280    40
23    143
21    671
269    152
325    175
382    98
186    100
359    117
303    226
378    731
82    185
336    1012
409    199
83    255
354    57
278    269
130    298
220    682
312    543
189    31
276    268
5    89
336    1059
117    117
254    234
300    257
323    248
409    516
373    211
302    258
67    833
95    357
321    216
122    464
323    215
348    834
320    4
321    484
67    123
372    77
296    179
144    197
44    96
346    174
249    222
318    414
416    1098
204    245
393    576
393    568
394    161
94    241
282    305
183    227
284    324
372    574
397    325
344    660
312    513
311    523
185    223
416    761
400    259
62    423
234    1454
413    297
276    379
18    126
307    24
268    189
376    762
278    173
90    131
1    24
99    413
287    28
249    186
90    1048
10    495
387    317
42    215
273    303
385    480
16    174
30    531
72    180
239    432
428    307
168    15
351    292
210    751
374    450
345    269
10    521
57    222
280    387
394    450
303    436
84    385
177    338
203    248
380    527
365    150
5    433
308    72
397    1298
363    505
14    116
373    566
73    1073
361    203
385    114
94    448
365    289
286    710
275    930
283    95
262    709
393    728
252    740
417    631
7    72
254    419
429    495
316    318
307    474
10    183
343    475
406    662
401    654
248    678
416    532
344    511
326    554
338    606
323    764
249    9
346    94
354    529
421    474
429    628
401    603
194    127
5    219
109    762
399    774
91    134
85    530
320    7
297    183
216    405
398    204
429    735
346    121
58    318
268    98
311    168
1    230
130    111
234    287
344    208
72    87
200    542
274    1
251    295
274    150
359    270
64    199
243    69
254    621
334    631
193    1406
250    89
270    1210
128    1039
207    433
14    23
125    722
100    348
252    100
1    23
254    612
201    184
303    167
313    849
374    576
93    235
251    1028
10    712
49    346
305    7
180    173
189    16
178    495
7    579
429    709
288    357
361    234
279    73
437    190
291    540
184    606
113    1252
11    175
360    191
271    289
291    1505
399    1401
409    664
406    396
95    496
301    201
243    194
393    50
130    619
145    549
194    193
339    163
230    484
279    472
188    181
269    499
276    1035
318    157
294    823
311    723
239    705
70    96
339    302
385    705
442    31
158    472
188    185
285    237
210    197
416    107
381    1400
348    1028
343    499
393    303
216    150
427    302
346    455
385    526
412    4
257    405
10    56
386    7
280    629
268    238
87    161
43    271
85    622
90    180
409    479
271    430
346    241
271    265
442    98
160    7
86    288
90    83
299    86
346    265
42    118
62    3
320    22
201    174
343    405
215    434
437    173
47    268
267    67
429    197
347    410
437    755
305    405
373    494
60    606
42    479
303    1303
407    200
318    138
78    298
132    154
200    56
250    56
327    411
359    1
103    69
85    418
437    197
10    127
429    967
396    328
436    133
270    176
291    24
429    744
18    923
41    209
425    172
115    431
445    1591
401    100
384    343
308    154
82    294
117    25
367    219
445    408
249    83
432    274
449    137
280    977
318    708
267    172
184    515
92    28
43    628
44    229
311    751
46    909
74    333
442    39
375    218
27    295
279    1007
46    538
280    73
416    833
13    596
90    202
416    941
122    46
28    436
93    815
407    478
330    419
244    145
305    856
264    654
125    283
429    144
299    59
117    257
201    655
320    1
307    214
366    56
56    164
298    596
130    230
275    451
447    823
454    418
13    516
325    99
253    79
295    395
85    511
263    188
65    429
49    100
160    218
379    4
58    13
450    265
429    410
4    354
200    140
92    1012
319    333
43    732
439    14
336    1098
18    527
320    62
396    1
183    294
11    51
416    174
52    742
416    301
423    348
125    1060
398    65
56    372
194    951
58    89
236    69
312    204
213    100
344    295
301    443
328    7
298    99
450    194
235    79
206    313
339    196
416    734
328    623
301    22
444    751
92    925
429    127
425    210
447    100
248    114
254    1133
65    216
97    357
458    1101
342    1163
164    1025
407    163
220    268
401    162
256    831
416    287
399    273
63    1137
28    800
97    202
328    203
455    293
426    430
224    403
379    52
35    332
345    582
457    443
447    879
130    554
402    48
82    174
310    181
426    526
339    265
327    195
387    24
210    420
259    317
59    227
457    192
427    319
363    1052
416    22
59    707
223    332
23    357
401    485
91    526
186    95
59    173
450    2
207    527
201    658
308    482
374    466
367    234
109    173
194    939
346    571
409    173
331    475
416    213
385    1097
1    38
399    969
454    479
238    125
214    527
450    815
304    294
13    89
416    966
160    405
94    525
458    191
339    89
439    242
323    238
64    168
393    161
174    433
378    724
81    1
299    204
332    106
373    215
89    269
313    768
243    14
411    451
347    233
253    273
383    302
264    204
271    495
94    154
334    174
65    956
145    554
343    11
222    636
252    14
174    722
459    134
432    118
387    114
94    11
176    111
286    381
200    188
159    24
11    274
449    212
62    250
286    186
291    1073
85    385
343    66
450    660
145    209
315    382
417    422
281    288
94    274
151    483
294    122
303    872
345    568
1    22
455    738
44    946
178    2
159    832
145    1047
429    1285
280    1133
244    451
201    448
394    561
324    255
403    925
340    486
383    639
305    628
26    300
403    148
366    559
90    632
469    855
203    475
327    959
63    258
104    1012
457    285
343    174
307    83
267    944
402    32
246    420
233    483
69    235
328    748
201    76
339    91
119    813
321    61
56    781
466    265
376    663
279    367
10    162
26    129
389    484
326    174
267    189
472    689
323    475
227    124
114    89
269    488
435    184
174    238
280    1297
363    443
455    334
32    222
455    531
259    147
18    79
424    14
160    182
387    473
311    23
70    150
267    108
393    845
84    98
417    1119
232    150
379    100
479    680
151    476
313    474
97    189
130    555
450    367
457    679
2    258
299    813
54    272
193    73
201    962
84    15
320    566
239    162
60    97
378    195
87    100
407    399
138    518
276    1006
276    653
15    936
411    709
11    259
448    269
183    216
92    234
102    650
399    407
164    258
429    193
58    176
200    451
326    177
94    1091
185    690
352    100
276    50
214    708
254    313
458    925
92    356
303    12
301    588
401    202
145    380
373    132
85    10
286    658
361    813
152    410
151    525
482    321
377    7
387    549
343    79
96    174
314    761
7    660
322    196
280    161
207    224
87    62
326    485
276    473
221    23
220    300
173    321
394    655
1    146
90    709
303    800
339    451
11    716
75    123
334    95
325    211
269    154
272    193
349    10
416    1139
425    447
406    526
450    238
429    826
145    595
276    942
212    423
253    56
145    89
308    473
407    660
128    942
151    86
1    166
189    1400
234    183
393    409
332    815
262    169
489    1293
266    285
115    357
187    97
336    121
433    748
60    128
387    96
426    418
358    863
428    289
175    193
194    194
270    713
406    634
145    1132
244    537
450    65
367    919
450    176
478    50
71    64
344    955
380    71
100    328
151    528
396    288
464    328
178    472
145    510
5    443
432    246
90    175
13    462
374    819
313    496
15    14
493    69
486    476
345    696
280    90
339    209
406    28
495    71
474    316
303    13
373    1188
22    451
236    203
95    199
370    98
32    288
57    125
474    649
409    474
463    864
385    674
44    132
347    187
488    510
436    392
406    596
311    177
432    763
118    919
264    194
64    162
469    610
465    300
436    746
301    156
276    750
194    546
346    141
267    64
85    432
207    23
286    1375
27    244
325    137
455    323
374    144
376    246
325    604
127    222
388    769
364    294
184    44
407    185
284    347
386    515
85    447
291    31
123    435
144    215
165    222
359    286
387    226
184    176
432    258
172    606
181    974
22    167
421    182
500    781
346    117
474    257
94    176
80    213
472    318
396    1028
175    234
346    12
188    28
135    56
360    174
294    476
295    158
226    408
244    660
494    183
500    1012
222    73
270    722
378    380
450    145
440    751
280    217
416    21
372    1273
201    82
130    892
450    301
409    9
497    31
405    76
454    482
466    566
352    172
450    157
65    651
85    641
456    1478
90    1097
472    380
90    485
103    204
282    890
448    303
158    89
416    317
18    951
435    174
409    210
290    483
297    302
113    7
159    333
495    230
381    318
233    192
452    216
311    121
456    177
498    127
158    684
117    763
450    650
344    696
339    357
13    855
239    185
458    346
451    749
293    7
254    196
378    806
497    252
183    55
250    313
385    1159
130    235
486    287
95    168
514    96
287    237
383    100
425    877
66    405
355    271
271    98
338    513
207    483
489    310
70    24
459    827
42    756
467    257
251    1016
92    409
269    48
62    50
58    1101
428    331
320    71
384    316
455    279
346    300
11    222
149    302
60    435
34    324
31    32
406    175
64    511
268    226
406    632
5    183
437    124
489    457
406    135
416    790
275    62
69    42
291    655
487    12
160    273
456    57
456    423
43    231
403    274
447    151
90    136
379    649
518    124
343    530
475    100
113    124
334    642
213    504
451    332
468    285
116    268
409    483
518    1047
13    880
366    561
407    635
312    176
314    125
346    180
307    204
325    50
145    789
174    1282
361    60
92    591
409    484
470    93
15    50
495    200
2    1
65    258
271    1046
416    268
447    642
40    245
13    646
123    98
64    431
337    15
181    591
57    763
10    432
440    971
152    504
449    1006
337    449
519    1617
514    189
10    116
346    802
201    11
468    251
455    778
488    485
139    460
523    153
511    292
393    559
484    926
378    11
406    215
295    118
429    31
178    90
123    483
504    719
286    216
472    1095
246    746
458    288
342    8
287    9
531    990
370    135
145    117
456    273
186    595
236    216
459    121
229    272
343    1
467    100
5    101
388    298
301    127
119    329
145    738
274    98
437    132
256    815
406    219
436    794
422    327
101    742
245    1033
368    313
332    264
500    164
42    58
177    176
495    642
94    993
199    1326
408    315
184    654
345    534
354    661
189    647
493    175
486    597
533    477
389    612
262    735
303    550
370    195
327    428
466    333
106    216
416    710
327    1069
159    72
327    686
487    45
453    288
94    741
232    514
354    272
334    197
459    8
222    257
210    482
276    331
437    97
435    54
118    56
487    541
44    678
416    931
399    1139
303    616
262    55
315    271
13    527
152    720
256    210
450    905
340    50
7    677
385    169
337    636
145    410
158    399
487    820
221    50
215    50
394    31
434    1095
16    947
94    509
437    480
484    234
430    12
363    7
384    313
130    929
324    749
527    615
487    1217
141    118
100    286
532    746
243    423
94    404
407    29
497    228
499    463
13    883
320    79
336    56
341    259
303    952
250    179
346    172
373    385
472    288
109    1074
508    223
342    124
144    823
454    326
417    89
425    98
466    176
274    282
194    9
200    89
533    450
18    132
488    228
103    255
453    156
22    216
455    584
13    92
497    168
11    24
497    655
326    230
401    328
505    623
394    56
222    227
451    937
487    73
405    85
1    194
481    42
301    501
533    322
394    222
532    655
524    702
267    408
389    411
327    172
477    255
363    707
45    50
513    546
442    403
154    482
358    213
498    11
125    109
466    550
487    194
95    649
339    735
498    302
95    282
207    237
322    23
318    376
195    500
378    277
393    423
187    214
494    107
399    432
479    144
361    504
207    5
254    449
356    316
303    1510
504    133
389    69
539    382
43    778
450    378
130    237
151    1070
301    133
363    271
211    457
542    648
308    1456
367    145
108    127
7    62
487    227
399    1393
266    275
246    81
24    729
227    1007
311    31
416    720
151    154
548    273
178    280
305    317
507    682
69    273
375    185
238    845
373    142
262    131
492    511
223    926
459    123
533    82
537    663
147    937
378    403
393    117
542    214
522    96
487    196
184    215
450    290
458    9
327    772
525    411
524    168
437    91
429    366
360    165
112    1106
472    368
543    135
276    271
90    174
347    276
519    335
504    716
194    118
500    83
96    238
489    355
315    276
542    508
416    249
92    7
10    33
459    323
334    1198
157    269
378    200
370    176
347    333
387    737
487    4
314    685
280    200
380    423
537    1068
450    967
210    208
308    655
60    506
456    216
138    194
326    96
504    1136
554    28
244    246
533    357
132    127
442    210
425    853
57    126
120    117
203    257
537    1073
7    178
305    735
416    576
435    357
385    127
501    1278
85    191
16    237
429    81
6    495
553    523
160    508
527    513
94    204
334    405
251    118
504    616
453    50
506    148
452    162
42    471
178    11
204    262
500    120
269    315
450    482
56    862
11    238
435    151
152    274
109    413
501    1534
277    619
82    826
343    257
387    76
189    656
514    45
497    250
429    382
23    386
94    732
548    1051
391    504
325    208
479    288
221    222
10    178
246    173
417    323
433    1005
398    476
328    645
211    423
158    123
479    421
551    292
548    118
426    194
524    185
303    1232
506    53
193    354
256    739
566    177
343    357
342    357
115    273
543    694
537    654
532    241
109    12
338    208
377    271
244    754
110    196
253    485
541    763
532    721
524    161
479    175
223    125
41    195
101    1132
74    258
189    246
556    170
425    176
545    472
110    765
407    197
426    655
447    926
474    170
10    137
76    137
394    313
308    56
406    240
456    170
118    55
562    443
435    327
322    603
479    500
435    715
138    513
64    425
263    527
11    742
118    396
313    95
486    300
576    9
567    615
434    1152
529    873
459    300
466    183
499    651
405    1209
192    108
357    151
577    471
573    192
415    480
466    117
110    1249
406    705
543    231
535    502
62    195
339    942
409    1379
419    14
409    526
402    273
447    147
342    194
335    323
311    519
542    28
130    215
29    480
517    283
85    229
496    99
503    405
487    1035
327    1101
215    99
406    746
548    255
534    24
151    609
508    443
197    245
294    1081
276    358
450    231
334    13
534    595
151    26
188    468
334    483
488    845
572    300
504    1439
503    233
108    748
311    621
398    525
299    249
346    100
42    237
454    118
16    385
243    458
506    490
506    28
488    28
479    190
85    955
305    135
449    410
577    996
474    7
556    479
468    612
402    286
222    732
559    73
416    591
519    263
201    230
283    21
503    714
399    754
456    410
201    1421
536    387
523    727
72    77
311    539
339    566
497    381
586    665
508    101
314    866
283    409
7    64
385    211
417    144
566    8
391    511
503    246
552    1277
509    300
303    721
137    210
504    563
415    269
437    155
26    118
436    39
238    471
13    484
452    143
533    1282
524    525
442    53
254    415
457    132
214    462
18    973
177    173
393    797
422    1187
13    311
500    845
92    737
96    445
54    181
314    121
85    1103
218    56
551    742
429    186
23    151
474    483
532    168
435    260
90    443
577    662
456    432
503    778
506    661
243    162
497    403
85    495
190    245
543    238
494    924
486    305
434    148
94    200
524    31
270    559
583    83
234    417
523    166
94    506
373    225
487    768
405    22
328    272
458    1070
262    72
201    334
357    274
507    271
291    38
423    689
525    1011
138    662
308    162
301    1016
495    389
348    756
541    239
254    1033
474    848
417    746
85    79
554    98
504    54
601    324
528    479
347    471
70    231
590    221
561    239
288    289
8    241
95    274
47    327
109    332
89    66
468    19
163    301
314    721
87    427
378    629
308    732
59    477
409    1593
92    474
429    62
447    1028
533    221
561    154
441    117
207    609
200    527
488    511
533    202
505    176
559    204
47    258
7    215
439    237
7    572
435    697
495    550
551    343
16    427
184    51
12    216
586    219
301    193
190    591
577    720
330    739
456    179
542    238
391    480
378    1009
472    567
538    56
450    54
321    513
354    650
606    418
329    7
524    172
218    1073
533    25
92    823
311    294
338    650
497    809
486    696
479    535
603    11
121    937
554    67
449    1404
115    98
569    248
167    1225
457    507
405    376
270    583
566    651
587    347
263    511
382    507
437    47
328    405
198    55
450    558
566    7
395    343
588    40
201    699
72    476
327    117
144    1101
293    198
141    147
543    53
222    392
483    275
416    121
90    684
269    162
592    201
583    209
299    1223
36    873
532    266
614    126
151    499
586    174
600    227
457    186
508    211
524    978
77    455
537    179
468    826
489    264
560    288
200    756
599    873
277    111
524    192
486    1134
577    40
456    325
484    665
450    207
178    313
450    550
332    227
13    177
195    877
4    329
318    301
562    480
429    833
500    196
457    411
56    323
284    268
150    319
613    258
373    748
383    203
479    176
515    322
557    271
448    340
524    518
442    684
116    47
244    772
457    56
474    87
540    125
535    58
450    313
82    866
379    251
50    1010
472    418
334    237
399    80
109    940
417    963
312    519
193    25
579    328
561    205
438    220
617    565
152    632
346    1231
557    127
82    181
327    92
234    609
174    140
15    690
439    147
130    62
486    181
95    968
60    327
13    733
130    1231
470    50
429    188
387    659
560    1
592    318
456    95
592    1377
452    636
489    1025
334    58
436    581
13    427
216    789
271    527
373    1133
561    92
288    216
435    228
276    1056
501    293
87    477
536    862
23    79
425    1016
589    678
472    715
196    285
304    111
56    523
233    432
249    257
40    316
566    772
215    195
472    234
456    99
407    521
56    946
521    144
271    521
268    455
25    837
402    258
555    249
585    212
450    610
389    480
25    131
437    244
70    568
608    97
452    430
307    209
532    250
489    988
119    210
506    538
327    202
497    741
493    50
92    780
592    271
591    204
280    67
197    38
182    181
591    286
600    526
65    88
479    79
92    125
533    1
151    381
354    251
89    237
458    709
1    26
109    118
493    754
487    1446
286    527
406    945
478    469
600    435
507    328
292    264
561    436
465    257
429    780
188    470
145    274
618    273
381    432
455    281
324    14
600    550
518    866
560    813
524    180
569    252
561    32
413    300
624    346
64    210
535    11
292    1
246    633
106    712
276    252
72    97
312    491
537    171
345    955
484    144
248    64
287    546
489    340
495    191
593    70
457    509
589    895
458    430
7    585
559    1101
606    228
468    159
482    127
198    70
374    568
117    406
497    186
548    307
579    100
435    67
553    86
519    288
409    58
416    778
540    240
457    462
373    217
288    511
374    174
618    724
417    388
83    174
500    61
552    15
448    305
556    507
592    291
592    56
446    301
416    1220
87    297
214    168
532    177
551    780
64    546
538    168
606    287
532    357
523    189
446    359
561    202
497    173
567    132
472    541
417    298
481    98
577    230
232    32
173    937
369    752
385    89
521    117
94    589
504    5
466    568
401    815
527    543
385    32
625    151
534    322
633    526
399    288
31    1021
334    228
491    1281
385    653
585    638
586    470
320    410
541    1035
561    302
298    393
429    183
128    70
429    95
194    155
229    344
642    1033
107    288
276    47
90    1134
603    748
532    526
634    124
617    134
226    652
542    684
498    483
151    632
625    428
378    528
176    927
330    257
276    201
508    1135
118    210
622    105
301    702
216    201
334    902
375    770
344    708
142    514
532    658
592    262
554    252
308    11
210    514
7    578
62    357
210    392
188    22
523    8
416    538
354    190
256    356
479    197
489    315
551    234
514    510
401    651
503    318
639    462
639    659
622    693
97    82
433    474
450    1425
561    135
95    290
618    378
170    322
102    72
315    645
184    1061
63    286
529    1038
267    180
146    331
488    133
566    98
542    230
591    72
567    617
585    1158
474    435
623    204
458    1338
465    319
151    1299
413    269
544    258
592    169
346    168
180    98
22    523
549    225
618    143
608    478
536    318
267    156
592    137
582    288
596    288
99    763
234    224
561    273
470    248
592    59
130    527
271    4
314    1016
585    1535
493    117
174    340
505    133
286    174
511    322
389    1098
638    161
60    211
480    603
627    704
655    198
58    12
555    269
495    1118
632    96
308    65
407    648
579    183
433    303
59    657
279    663
567    497
416    685
655    736
587    682
500    1009
639    1020
58    511
567    491
357    275
178    230
521    625
639    527
615    69
41    430
576    275
593    584
151    953
484    230
614    281
658    276
535    727
655    935
555    302
373    472
585    971
416    676
303    824
616    315
440    750
450    26
276    679
620    240
109    227
29    182
327    150
618    241
655    98
658    8
659    66
496    173
561    229
276    411
56    42
629    162
58    25
634    597
634    129
650    521
586    161
276    193
650    7
297    752
658    257
629    204
6    302
541    477
655    1158
119    255
30    50
593    692
624    475
72    187
423    1238
294    1134
565    1018
645    197
484    849
648    98
421    82
339    74
514    531
464    293
360    172
291    90
514    483
505    510
527    652
655    1651
39    748
326    616
646    682
72    471
194    371
198    195
524    516
537    919
642    259
585    1009
345    66
267    209
522    430
618    173
23    131
389    65
538    710
495    447
142    186
207    196
472    21
90    387
629    207
116    11
554    692
552    50
275    432
618    959
104    591
514    470
291    282
89    235
116    479
469    611
573    185
500    475
343    176
600    50
59    184
118    175
650    429
492    291
666    56
605    237
642    623
498    56
569    121
70    173
645    658
484    168
663    411
653    181
591    367
664    433
405    204
454    431
536    496
331    269
496    1459
85    230
373    281
6    71
642    22
614    476
527    429
486    273
619    1314
110    43
639    70
286    137
629    117
193    69
429    804
664    187
661    97
370    603
514    228
454    255
360    654
154    197
666    1170
447    367
648    191
605    318
343    236
661    118
663    956
643    152
663    7
339    488
239    419
450    1153
393    841
374    322
559    216
393    628
90    64
212    246
178    476
109    17
583    276
116    221
397    199
387    318
144    124
269    1073
69    298
650    485
542    410
275    121
557    150
293    234
455    475
643    282
422    287
597    225
606    214
535    173
607    180
545    17
586    155
194    276
249    96
380    1039
81    596
357    685
533    685
453    364
59    474
479    328
650    674
417    63
429    1
574    289
319    332
605    483
90    654
194    1091
165    260
196    1007
566    483
621    393
109    186
144    55
188    742
303    501
308    153
234    277
514    258
523    25
567    268
432    257
545    729
94    250
642    1029
447    1142
682    68
334    20
605    340
343    65
63    480
161    272
488    776
169    321
655    1351
360    25
466    273
532    915
642    142
662    286
184    185
500    393
543    855
676    520
354    533
220    258
334    181
543    4
460    307
654    1035
483    195
634    235
647    490
345    287
345    69
498    448
536    172
100    1233
631    313
641    124
138    602
200    443
624    1017
692    56
314    496
378    5
426    654
599    756
666    792
640    336
506    203
236    207
554    678
505    172
184    707
663    47
450    239
537    923
532    508
178    625
554    11
592    751
454    614
70    174
668    403
686    98
425    231
436    95
321    286
629    566
152    8
307    62
566    97
169    499
291    124
21    637
342    93
600    562
400    301
661    425
537    1101
655    159
618    66
595    268
189    50
642    1028
606    203
201    228
615    160
476    168
660    431
339    657
523    944
610    56
664    197
186    291
496    191
95    1126
524    322
227    274
568    615
130    64
347    183
450    527
415    748
543    529
94    780
672    50
267    153
182    50
517    127
311    66
606    161
427    258
542    357
222    1188
524    416
705    578
244    433
276    475
605    475
72    5
624    342
218    648
584    313
623    435
458    143
545    419
692    285
1    77
405    193
555    410
436    92
322    258
160    589
653    1023
501    125
704    209
411    1475
450    823
293    174
242    283
479    281
655    792
109    95
299    77
85    136
582    50
658    772
12    215
457    792
683    511
116    323
313    505
435    105
534    273
671    748
534    294
654    50
447    284
20    378
607    45
684    161
602    988
642    68
330    969
457    405
655    213
59    371
632    186
660    625
535    153
628    305
276    184
407    248
426    50
43    168
588    419
590    14
666    429
426    705
362    245
378    410
618    673
379    654
655    1017
409    606
401    143
233    498
621    746
601    172
58    462
642    195
13    761
39    294
230    491
707    676
694    419
265    756
661    357
472    373
354    241
332    742
378    79
456    135
474    45
59    212
521    755
373    83
617    429
577    208
433    273
429    281
427    332
393    655
500    559
429    90
347    159
524    443
189    151
577    673
385    173
276    42
316    633
65    476
13    815
561    665
149    1295
698    497
588    72
653    22
71    429
379    310
236    100
149    1296
14    191
385    1252
682    69
551    544
43    248
637    717
561    447
131    9
664    735
152    153
87    802
276    27
330    283
370    423
293    1018
628    300
561    1103
655    958
168    280
580    181
372    446
648    226
653    101
639    638
617    644
104    15
230    132
661    168
532    97
402    135
295    70
43    8
330    708
472    51
101    125
429    537
686    185
176    1008
621    420
1    50
551    144
539    45
539    357
510    243
637    148
697    150
644    258
526    750
26    274
712    385
279    517
407    203
450    1248
577    100
498    172
560    111
715    181
318    210
642    1473
271    182
658    510
457    559
406    194
655    923
694    610
656    316
586    273
698    95
615    949
721    984
535    71
634    924
693    53
326    367
712    1119
178    484
41    357
307    163
151    133
540    820
664    513
650    194
676    354
280    8
198    164
650    969
102    258
493    410
365    137
538    143
503    443
488    96
357    455
395    154
109    405
577    69
454    528
567    582
303    124
655    960
347    192
417    95
654    181
663    405
655    1344
632    357
729    328
682    222
174    905
648    24
30    683
52    919
615    275
561    180
479    187
647    250
724    342
174    70
557    322
437    204
409    179
331    302
729    689
728    508
590    515
561    710
468    195
581    9
716    499
405    1218
455    12
704    211
684    111
567    475
634    50
345    293
689    151
307    168
717    293
585    171
529    310
567    836
694    275
699    112
453    94
676    344
463    744
379    186
498    156
333    174
222    678
504    961
632    423
569    1014
339    1404
543    313
42    38
655    629
308    588
141    100
618    276
588    483
190    696
505    202
539    303
686    170
173    334
561    175
541    1053
286    198
642    218
83    828
671    405
642    1
491    129
416    955
334    710
456    789
297    211
541    941
395    458
303    111
409    607
521    168
184    632
543    582
654    468
62    1129
650    98
623    283
504    490
442    144
328    427
224    1381
188    678
311    630
740    319
95    58
543    56
619    568
270    1074
624    147
13    631
515    900
664    92
500    709
94    928
184    223
7    434
655    1535
474    86
694    699
145    111
1    87
676    169
619    252
234    1452
536    443
682    697
621    53
311    499
666    1011
294    1012
653    234
537    42
85    65
731    197
708    751
325    1523
577    147
544    271
386    405
717    328
106    647
234    942
699    300
716    673
639    513
682    317
633    110
624    273
694    1263
632    144
620    225
532    796
186    38
503    285
727    259
472    890
479    380
530    64
215    168
667    168
655    92
738    183
331    178
207    216
429    207
291    756
342    1070
738    96
480    479
537    705
503    133
279    239
432    294
554    238
707    124
730    332
707    1109
543    1441
561    751
417    804
639    414
506    503
710    22
429    584
671    720
705    1
52    100
669    127
487    423
560    240
470    283
711    658
488    732
7    670
655    234
606    176
495    186
576    319
551    710
381    94
198    64
307    164
334    248
435    748
556    513
314    25
715    204
501    741
459    1039
655    294
531    286
643    519
344    118
655    1221
711    340
561    589
650    163
568    213
385    1008
563    181
332    56
345    498
751    248
645    228
715    150
457    180
659    177
436    111
507    222
344    86
416    843
350    89
223    1088
82    546
737    222
92    49
595    880
307    178
514    26
435    1061
698    307
634    106
661    48
707    269
655    475
561    443
28    447
487    88
659    192
682    3
495    161
727    949
416    500
301    145
303    246
298    196
347    24
51    144
521    385
256    82
587    270
627    631
479    89
642    417
591    300
56    89
642    974
479    651
738    22
472    1002
450    202
416    99
435    81
476    692
682    410
693    523
311    487
495    505
666    742
690    79
764    86
738    127
414    325
469    490
1    106
538    12
320    195
754    937
181    628
483    290
553    238
416    807
244    609
437    514
17    126
584    109
587    310
474    462
551    315
715    732
318    732
642    1063
620    15
755    319
753    79
643    177
659    794
715    12
666    288
416    792
624    181
514    48
308    134
621    123
666    506
487    566
747    173
452    66
13    223
318    14
664    484
710    265
756    117
706    628
63    287
378    393
600    515
450    1028
352    176
59    96
146    272
487    2
758    248
64    127
394    797
713    1127
454    134
655    694
698    255
574    900
586    76
684    181
747    279
601    87
560    12
327    131
757    2
518    10
456    46
524    511
545    541
503    286
728    25
749    121
102    13
70    507
699    109
704    1296
709    92
586    427
648    323
472    1035
669    114
94    736
207    367
30    313
744    428
141    15
761    924
587    286
319    346
603    449
327    129
764    118
756    398
406    289
665    833
643    1
711    588
763    367
49    182
655    895
99    290
683    1280
665    31
517    761
312    657
711    741
328    778
399    673
680    9
608    699
395    215
747    292
4    327
94    1225
758    50
450    280
786    405
624    111
698    190
587    304
612    604
682    834
727    566
497    475
768    282
291    550
243    125
771    83
92    783
561    631
704    496
674    50
76    129
173    303
456    414
749    625
757    157
702    259
499    307
532    72
49    287
503    423
653    105
682    1028
139    1233
405    384
393    111
545    563
642    395
539    239
749    944
528    109
787    310
420    750
128    433
670    174
782    322
94    1058
314    546
145    135
314    15
580    455
783    334
548    581
535    628
658    429
53    151
642    731
116    272
133    316
653    523
128    161
69    1016
428    1024
668    210
397    853
87    472
567    479
181    875
241    300
497    603
43    121
474    1134
758    197
669    324
601    427
613    509
442    746
536    566
280    471
56    22
780    662
615    237
521    732
541    755
533    297
655    190
741    70
627    810
690    663
407    228
416    873
763    238
53    25
332    79
130    236
588    421
721    294
506    746
121    197
741    651
486    591
15    111
152    781
399    5
796    401
748    228
403    235
494    98
507    678
595    475
434    477
487    282
666    855
643    468
747    152
6    489
758    607
60    445
542    186
200    596
508    511
23    713
379    636
178    333
172    463
535    9
276    928
406    447
536    713
350    132
450    226
436    710
533    228
643    418
184    7
788    235
629    258
663    357
25    98
551    448
663    1324
664    684
695    995
350    654
450    939
22    384
294    181
435    100
84    466
287    952
697    689
145    219
536    480
194    488
757    4
551    72
233    511
7    513
738    56
766    510
143    315
610    28
425    669
151    614
92    179
684    742
496    421
714    685
513    323
455    393
774    28
474    88
777    690
758    1501
716    611
758    656
651    327
291    212
716    1050
663    50
416    755
648    169
299    239
234    199
343    523
650    612
6    127
721    877
406    47
495    559
379    208
474    566
643    32
534    546
505    71
776    168
225    705
543    684
763    213
798    138
757    693
564    323
10    185
354    171
437    111
492    192
343    561
796    491
463    845
763    461
514    747
796    795
157    111
523    384
601    163
506    418
256    284
660    68
724    288
428    1280
716    866
537    614
592    344
309    989
216    396
380    549
775    258
327    523
671    33
280    384
279    198
174    50
8    181
109    834
291    1277
537    523
543    134
432    628
145    176
45    282
698    489
207    302
535    654
125    72
658    178
690    159
707    1530
479    180
201    396
525    1315
795    4
535    721
321    611
593    966
712    402
298    265
220    340
654    591
641    89
506    478
749    472
307    1065
569    685
751    50
698    205
197    82
738    380
210    451
325    482
213    582
43    131
712    1043
459    989
806    182
6    1
618    507
320    732
244    1041
279    515
633    1019
121    347
230    496
659    356
489    333
517    405
570    258
306    1514
178    658
804    365
320    751
655    921
806    192
429    172
671    161
42    318
334    82
158    10
796    202
262    56
804    151
764    597
726    257
690    739
760    278
694    203
805    447
25    430
733    14
655    188
566    182
113    258
749    148
637    274
595    246
554    275
479    31
194    133
1    79
766    494
711    232
736    515
707    86
602    121
745    183
592    466
496    607
403    276
643    12
7    356
648    94
739    96
682    419
796    1049
664    192
346    708
764    9
624    305
642    577
314    542
389    657
85    483
142    315
45    1001
748    474
710    134
749    295
303    8
712    625
654    144
271    697
509    326
545    176
85    596
621    871
807    528
567    203
823    684
37    1027
669    302
643    399
7    214
655    26
595    346
275    624
790    378
796    855
618    790
666    510
763    197
804    445
359    181
13    58
682    779
811    292
725    258
128    174
766    382
551    28
426    474
279    636
499    193
101    717
714    50
87    158
207    1012
450    657
699    225
447    28
693    693
409    486
529    286
77    154
523    1041
648    111
314    820
78    294
442    176
567    847
836    268
750    300
402    1
790    771
805    664
403    9
1    45
707    952
479    629
10    276
416    182
775    264
536    486
7    470
796    751
343    223
790    172
735    293
426    432
236    194
514    183
305    160
683    887
758    512
700    79
117    96
815    524
42    273
748    183
280    928
705    405
476    300
495    1208
757    685
452    45
562    79
676    879
751    483
707    630
119    506
659    604
771    275
650    1110
74    245
743    298
709    403
170    876
805    827
711    277
548    229
94    1188
698    330
793    458
666    471
301    363
476    1180
828    19
595    235
393    11
763    176
279    514
377    200
179    691
293    163
416    253
7    25
688    1234
536    84
674    300
767    56
535    136
600    56
650    199
67    125
407    603
840    732
747    639
758    837
666    70
64    186
345    14
472    496
90    65
267    217
532    496
389    584
334    1048
715    276
682    420
130    1013
588    354
648    193
498    168
487    366
847    290
796    278
199    14
754    744
128    405
161    315
132    50
733    287
676    902
474    141
807    1
833    160
694    659
780    510
674    685
454    124
586    215
551    205
815    153
601    258
568    187
90    97
666    264
749    168
774    649
716    570
727    184
608    11
748    193
345    518
807    1091
611    336
358    638
807    177
848    1126
412    186
102    476
562    504
699    121
795    433
805    40
833    52
346    203
715    69
42    491
788    69
751    42
472    597
367    98
653    121
694    604
649    147
178    607
119    70
405    288
638    431
716    48
53    156
645    483
605    294
109    168
749    117
588    367
312    1298
600    230
109    564
537    730
805    137
806    197
484    79
125    21
406    86
707    100
299    396
291    772
230    211
569    321
848    529
766    559
694    239
452    58
751    755
717    106
328    227
122    1113
768    111
725    300
659    176
539    1211
815    496
597    323
592    281
592    1129
776    276
846    205
632    91
277    762
747    693
624    250
189    952
679    241
840    428
845    311
738    385
841    892
360    56
733    224
763    69
784    292
327    507
666    255
715    232
776    569
653    193
666    616
690    233
587    323
643    1139
158    810
445    644
378    1053
573    347
237    176
403    100
766    674
561    673
798    222
830    402
508    91
500    472
78    25
843    195
773    228
682    121
606    24
774    135
392    50
843    183
796    326
618    23
815    465
472    742
655    1147
450    630
757    129
863    301
760    50
601    210
239    647
606    307
188    318
279    550
864    642
661    209
540    475
790    191
535    511
406    418
775    331
851    760
308    194
158    511
181    222
458    298
839    475
80    86
852    118
650    1
833    128
786    381
790    91
593    1012
703    222
861    170
94    69
798    29
267    203
711    568
707    902
378    77
10    59
500    69
338    523
786    15
757    333
840    498
557    532
717    340
48    524
634    477
739    56
660    168
185    701
586    121
499    530
38    501
542    523
655    296
846    483
472    562
532    483
830    183
862    127
694    489
79    340
798    576
805    91
560    1021
32    298
254    62
592    132
91    651
831    273
476    294
758    202
472    215
829    512
207    22
668    124
875    169
262    367
627    176
62    1130
767    657
823    1107
710    204
213    508
642    165
823    22
803    690
391    9
707    419
751    194
804    739
213    218
843    265
542    959
363    719
211    596
472    358
721    173
96    265
792    1015
786    588
296    1
497    393
383    180
723    1
806    923
530    100
392    181
862    1011
850    8
864    227
758    605
325    530
740    300
353    301
184    56
790    1282
51    50
828    730
795    1052
655    256
416    625
537    52
56    441
424    1084
551    1011
314    150
643    276
841    286
834    313
62    952
684    225
871    174
622    41
632    174
223    259
542    172
589    873
387    7
501    221
846    610
638    174
474    286
764    191
851    192
805    856
567    198
798    810
804    363
416    274
501    1081
184    272
719    318
758    484
593    366
249    181
721    457
398    183
747    430
627    1135
624    597
796    542
747    558
397    50
394    658
13    751
796    219
535    195
393    692
215    204
537    132
697    121
881    671
655    268
332    660
574    213
870    171
711    762
456    125
392    463
607    211
13    239
450    229
678    147
58    111
18    392
660    290
405    731
68    9
620    140
804    196
606    3
82    100
479    294
861    949
775    345
786    89
373    172
817    129
738    177
435    307
555    25
268    358
838    24
567    136
472    416
815    99
654    336
883    749
620    145
207    64
846    516
790    849
592    686
668    272
601    1063
790    282
256    591
308    471
711    281
178    31
757    229
454    610
457    248
6    474
864    134
470    1134
458    187
740    286
788    549
587    880
747    428
682    58
804    639
488    527
659    13
385    47
758    1052
825    286
280    619
807    633
640    304
540    220
26    475
837    237
279    1072
514    648
44    109
18    143
854    405
648    423
301    429
286    821
543    22
854    1197
747    736
75    460
554    31
879    237
297    498
672    269
881    601
788    56
889    72
138    209
399    241
577    173
833    444
792    100
860    514
642    1047
201    1267
699    1013
836    496
786    69
436    506
712    433
782    1105
270    268
429    88
334    258
561    474
848    234
23    522
378    381
878    172
497    12
857    300
271    48
393    463
339    170
267    715
892    273
234    663
823    53
747    73
613    632
854    505
664    528
758    294
821    213
608    269
412    24
892    781
666    286
805    771
383    58
625    238
854    603
579    732
186    159
102    55
846    228
854    250
214    98
90    270
551    461
474    490
545    426
551    470
894    297
712    768
825    120
676    328
756    435
751    1078
698    258
632    591
450    196
690    8
488    173
506    399
374    1048
838    143
864    173
852    930
407    675
642    944
727    1
896    108
606    1055
308    73
799    654
862    22
543    367
90    212
663    682
618    127
385    98
758    231
886    419
506    323
753    504
897    1
779    71
419    275
655    1296
815    404
727    239
347    200
328    657
823    160
14    473
727    926
707    606
18    210
790    231
683    22
641    50
887    369
684    49
47    301
7    443
805    541
863    361
198    462
165    174
825    515
629    475
308    185
889    1267
765    522
272    234
429    433
647    121
201    468
870    704
878    402
833    385
365    316
457    226
286    988
627    230
368    127
18    72
731    705
711    496
823    692
385    427
592    346
881    118
746    202
782    298
835    197
621    367
806    133
894    255
561    238
904    9
456    1198
533    126
177    678
659    792
796    403
870    238
588    1240
907    763
567    297
543    174
826    432
642    560
894    1016
409    505
666    480
551    570
804    143
890    172
629    300
559    180
222    255
859    762
897    127
293    100
901    1049
507    597
635    237
907    100
524    1101
880    182
890    443
328    1021
726    310
906    121
804    558
634    116
437    559
232    589
275    181
346    188
904    97
889    494
863    258
742    50
508    210
303    432
350    98
468    427
151    371
885    432
796    684
535    198
259    39
585    52
849    27
780    657
309    286
454    136
694    673
417    228
13    511
429    8
311    942
911    357
711    114
456    433
504    717
908    414
847    176
894    221
798    1544
543    237
758    569
789    181
201    48
882    86
334    846
738    238
23    195
416    90
295    470
846    1267
722    756
551    281
256    229
890    843
561    733
846    482
440    749
780    275
758    203
479    201
452    492
738    181
659    469
889    479
324    250
750    305
101    225
533    474
664    151
643    185
679    721
38    326
748    89
527    172
660    1483
894    273
798    405
566    2
405    568
768    405
808    750
840    99
840    509
727    510
804    1056
464    322
435    291
342    11
622    511
543    692
447    290
883    752
197    326
846    269
910    1012
854    127
846    480
751    270
662    1381
790    1446
332    682
916    470
587    268
158    56
435    649
187    435
854    191
764    174
541    403
796    809
834    117
683    311
426    205
378    118
417    156
870    181
825    1028
915    304
637    151
398    484
796    185
894    281
892    54
506    44
453    226
911    435
705    94
313    481
256    986
250    91
18    48
823    172
593    25
450    968
291    96
620    63
746    685
840    474
519    903
682    55
394    405
889    462
416    15
620    760
846    451
487    156
875    4
279    1030
705    143
655    1193
846    135
880    233
442    222
919    690
862    603
804    200
875    96
864    276
642    801
682    153
759    117
917    25
801    294
402    748
892    191
844    778
675    900
845    900
535    963
694    1028
486    741
896    200
425    546
493    1016
358    45
610    8
416    151
660    134
709    173
922    89
393    785
757    746
442    859
421    197
757    809
774    53
380    272
880    1276
846    1473
416    232
305    474
806    155
725    181
839    326
872    237
616    289
474    188
804    240
877    402
916    866
834    150
886    824
887    206
892    500
649    254
871    335
933    1017
807    21
707    1101
59    182
935    476
889    1072
416    1011
739    172
891    281
842    886
899    2
659    431
707    1068
435    58
62    190
874    748
833    320
501    597
664    285
862    183
796    191
709    11
642    237
474    200
846    1118
497    49
833    396
222    770
116    292
488    136
466    895
444    328
712    388
279    32
706    181
253    490
529    343
722    476
892    118
864    99
867    98
865    268
903    191
567    498
584    249
185    178
144    56
854    1677
379    286
896    1018
710    510
496    495
889    187
892    596
910    237
620    313
868    81
815    584
919    596
201    10
924    195
825    243
795    1199
296    114
776    195
693    157
751    197
592    224
788    621
613    272
903    187
868    98
907    620
664    664
889    755
697    595
870    179
406    122
661    165
665    202
655    300
892    11
899    186
624    25
917    50
162    179
887    72
339    396
491    513
127    230
541    140
622    588
500    60
862    1117
378    96
862    117
738    203
562    135
867    289
260    334
931    237
910    288
533    169
919    1047
885    233
299    480
708    150
500    532
868    419
437    13
316    162
457    371
913    98
592    116
804    227
62    466
757    271
619    195
84    4
870    447
758    152
756    53
593    153
739    603
618    1039
896    97
378    183
863    1237
840    632
733    1114
793    456
236    28
907    125
551    128
481    198
653    229
886    22
823    428
733    290
787    898
653    508
833    302
938    125
14    195
506    216
768    476
794    248
917    740
252    847
897    871
655    636
608    517
686    192
83    248
115    684
896    228
896    765
693    96
757    176
524    476
905    7
942    615
774    1017
624    928
92    111
566    523
913    789
877    538
407    95
733    534
668    269
933    470
285    319
633    921
913    179
62    511
796    275
571    1039
930    8
899    496
588    8
7    179
773    1018
860    1602
908    69
774    175
795    1101
857    259
883    250
472    1079
532    367
671    88
727    70
538    199
788    64
653    1016
450    627
872    118
892    12
823    419
794    150
734    742
864    1
878    8
660    568
690    1090
756    181
893    471
633    958
758    353
707    88
579    520
711    202
82    170
592    71
766    705
829    198
798    756
747    530
201    640
489    269
622    213
7    629
801    333
533    443
914    371
682    109
931    303
311    69
529    309
848    135
736    993
648    229
848    747
184    29
787    904
714    250
919    1152
916    14
391    176
889    172
541    427
42    132
911    143
474    111
837    286
752    259
880    173
645    89
881    174
804    89
527    640
621    173
681    310
643    659
933    182
655    178
200    172
431    294
420    1347
942    539
667    269
707    1163
56    167
670    199
524    170
425    898
893    724
746    183
843    270
293    143
405    187
870    218
94    195
936    952
458    762
871    56
854    922
495    196
641    511
889    729
524    39
551    100
921    173
888    792
435    268
882    195
429    196
618    193
846    241
679    63
726    535
655    423
823    747
661    249
870    792
847    104
168    931
606    596
194    168
836    238
530    174
435    609
881    100
833    1017
887    8
622    202
660    1050
501    122
716    257
932    483
406    216
758    200
99    326
907    813
227    100
689    118
474    748
897    736
1    7
709    578
625    100
848    603
542    168
907    118
710    1019
527    154
314    117
458    1109
201    12
766    485
422    773
591    45
880    471
334    866
658    477
214    188
94    208
415    204
875    12
665    196
600    431
13    497
732    245
854    846
654    95
641    513
29    657
484    183
586    231
194    186
674    827
911    89
639    196
474    505
54    250
666    507
503    489
303    204
923    181
766    62
4    362
368    573
435    636
720    268
776    194
867    181
301    866
326    227
836    654
435    56
922    449
773    364
897    161
847    11
775    302
747    485
864    229
682    1217
256    96
536    304
567    492
702    449
189    318
41    152
671    159
279    385
42    826
643    496
56    559
468    82
521    343
794    420
527    69
655    255
828    14
846    684
663    15
894    898
474    255
798    1164
545    168
298    125
440    361
749    866
883    49
715    64
790    49
346    159
508    629
825    385
850    294
655    47
13    474
806    179
694    69
669    191
901    748
405    1055
840    429
927    421
648    1041
621    568
513    685
95    472
450    671
406    193
403    151
92    246
595    1142
758    344
121    25
484    211
573    276
679    168
59    620
666    196
665    157
615    135
890    524
735    117
809    307
466    226
346    196
670    8
484    153
606    181
714    1
810    902
464    295
201    479
275    199
661    657
679    1
442    227
907    333
843    133
906    740
429    39
880    1151
881    202
796    151
804    692
698    175
459    619
256    1471
940    95
900    294
932    647
743    269
622    174
152    294
18    856
901    35
627    28
447    25
894    744
600    373
321    603
700    169
896    1078
411    8
747    39
764    89
719    620
11    8
853    299
659    241
256    245
897    183
846    23
571    484
812    678
860    285
497    22
881    276
854    8
804    163
899    527
919    326
429    469
554    1046
771    181
684    66
643    474
606    257
389    182
663    318
673    345
665    154
707    305
698    131
712    94
447    200
934    629
922    94
588    1091
909    509
795    768
643    629
249    195
642    51
72    518
716    428
64    463
674    751
662    13
747    269
655    657
530    443
897    435
709    79
871    435
637    1028
653    248
656    896
500    483
314    1053
846    427
712    38
114    153
591    216
796    178
85    921
641    30
658    471
835    97
682    111
840    132
291    195
618    568
885    189
831    83
460    321
693    97
407    491
786    71
764    117
649    181
883    506
327    168
825    245
888    762
201    566
698    1
823    83
435    420
486    515
927    67
943    655
143    288
935    121
708    258
524    311
887    318
885    237
942    479
611    680
713    882
251    79
659    708
452    179
393    125
894    311
790    51
684    483
712    417
201    1398
932    1050
758    91
846    69
436    925
896    497
823    69
176    340
821    56
670    603
573    286
116    56
291    223
726    323
712    588
828    275
121    12
843    185
155    306
902    480
802    299
718    750
776    479
484    22
210    302
655    863
268    713
897    133
497    29
416    742
268    210
748    132
830    210
533    936
711    354
655    127
725    333
415    136
542    12
363    24
345    238
409    923
438    148
476    401
893    246
334    1020
560    264
880    11
566    86
618    121
830    98
235    170
417    40
880    288
942    878
733    744
450    519
624    477
499    525
744    302
871    17
622    586
276    428
788    331
295    402
1    165
343    150
718    15
290    95
870    384
699    124
374    779
738    2
682    1093
690    197
452    199
82    640
444    272
414    324
630    11
535    275
725    19
758    514
707    458
749    153
897    410
629    309
474    421
234    119
892    182
768    315
535    471
489    322
757    206
13    175
308    211
472    231
238    257
403    147
597    477
819    319
757    98
682    708
269    23
589    688
551    97
868    189
687    300
109    53
628    690
770    258
18    958
14    240
406    466
218    153
860    949
537    186
887    472
699    685
786    866
758    687
756    79
728    124
102    435
704    208
429    789
109    810
884    509
624    544
597    1016
59    959
456    265
693    471
681    1394
413    515
846    66
927    300
753    427
810    286
535    792
605    302
748    647
926    303
632    549
716    151
823    157
184    792
497    826
916    190
244    651
782    682
605    210
527    357
775    344
707    766
872    1061
795    168
654    121
934    648
399    320
780    339
389    187
727    596
730    246
701    300
642    1053
922    949
916    213
910    24
642    405
916    194
83    728
659    178
737    169
811    315
394    173
722    333
749    986
933    651
538    642
816    331
796    776
666    237
663    410
527    116
417    515
883    487
908    111
641    969
788    199
873    750
334    208
650    494
540    274
603    313
747    188
279    687
901    181
556    268
754    292
452    661
158    210
774    222
144    100
222    692
807    227
796    761
650    926
664    497
764    4
899    479
538    483
830    161
922    550
796    880
601    148
630    15
748    169
616    895
894    475
732    332
625    91
880    392
387    178
911    638
825    125
437    417
343    1267
222    423
704    185
886    157
749    258
498    174
592    246
906    276
770    988
708    269
18    8
706    410
897    238
903    820
744    188
545    380
770    50
840    163
918    382
387    179
756    183
279    431
374    693
109    228
664    186
805    625
536    191
438    257
286    348
923    273
769    121
708    319
907    42
854    96
128    458
782    302
495    211
371    73
500    328
270    566
409    211
870    431
603    988
902    300
690    1210
902    483
524    700
933    4
886    1048
932    131
653    286
342    249
836    318
755    245
727    89
782    1537
787    937
543    23
279    191
880    293
804    1140
871    575
162    474
864    1101
528    845
533    242
497    176
658    475
854    324
502    313
447    223
267    157
796    747
870    6
437    200
918    962
921    1032
912    168
642    117
934    145
717    148
758    425
913    741
429    772
641    23
442    1170
354    165
921    934
748    709
459    98
727    164
347    1011
758    31
798    996
106    100
417    663
455    942
497    151
788    582
467    127
711    433
463    591
727    219
934    56
647    1263
210    121
479    32
243    26
340    95
897    68
804    7
562    50
234    513
899    157
621    783
737    192
59    285
407    708
715    208
485    242
234    661
901    89
655    650
497    946
417    210
838    56
764    22
648    167
484    566
694    527
194    435
749    136
682    298
774    182
830    203
451    304
756    289
738    636
836    603
829    70
776    514
308    637
588    969
267    1110
928    877
343    64
107    327
92    401
716    73
682    202
235    344
745    79
758    252
128    223
535    207
297    527
178    471
566    133
18    172
703    288
158    22
523    197
767    524
916    959
468    508
506    523
291    71
488    589
796    732
818    346
728    289
877    921
807    1084
57    1016
886    237
670    83
489    749
151    258
901    465
798    161
636    283
916    54
815    77
769    1011
524    23
887    47
889    566
905    125
889    93
727    771
787    306
533    654
805    1033
838    134
562    582
564    685
727    114
870    813
887    254
757    270
622    451
622    22
816    332
592    887
8    55
859    1281
868    181
645    60
450    619
98    210
719    216
500    409
59    492
881    465
920    350
855    165
919    372
892    1454
887    28
313    326
755    331
819    327
108    1
805    1110
917    150
703    748
716    620
704    631
788    286
474    204
332    147
745    12
339    434
276    150
889    636
450    220
806    655
634    276
586    808
758    242
925    333
796    480
759    591
474    25
851    411
826    33
497    68
740    326
790    144
715    71
739    333
393    195
923    322
156    480
18    493
887    140
790    73
758    168
888    514
648    781
908    963
863    327
766    481
601    416
276    95
848    509
828    322
464    288
624    329
875    174
859    15
870    56
881    63
393    332
823    28
474    482
643    509
42    73
848    202
862    200
642    775
698    490
665    89
758    143
727    408
896    88
573    423
850    705
889    1016
896    636
770    246
881    108
711    275
795    382
839    258
601    429
394    431
241    286
425    435
795    1413
878    498
32    628
889    132
537    684
533    281
286    408
916    71
806    187
932    1454
542    423
846    513
894    316
757    562
676    294
794    14
659    64
654    845
682    318
872    313
883    603
896    430
758    568
541    99
805    393
779    235
86    326
663    147
707    425
892    117
864    290
158    195
528    204
864    561
568    427
185    480
276    97
311    227
684    393
868    636
577    234
508    527
815    529
878    462
889    718
864    423
677    294
450    1297
437    961
696    286
828    70
606    81
878    9
782    312
836    292
883    519
889    408
886    496
517    328
784    304
720    319
666    498
754    295
668    596
716    213
823    708
798    1285
541    172
566    234
655    504
932    646
790    373
486    1611
543    568
506    204
833    521
705    97
846    226
523    863
707    443
890    480
95    946
519    874
72    197
798    472
500    10
933    367
537    733
932    968
842    315
527    475
785    56
782    349
394    91
736    294
796    429
825    118
738    252
468    65
128    275
886    26
605    245
507    1016
214    182
15    322
293    85
698    183
783    299
793    273
606    98
652    275
654    274
301    425
424    690
11    173
843    7
620    595
943    559
749    4
230    143
650    491
227    319
881    527
810    323
823    792
789    1007
707    367
629    238
777    223
429    284
746    121
541    204
771    134
883    315
459    307
65    471
429    136
864    65
690    393
622    95
336    591
889    192
775    313
486    544
897    378
350    427
903    89
548    275
882    405
525    282
537    302
897    864
666    660
265    975
872    272
819    246
773    42
907    83
477    546
640    2
924    496
230    422
503    211
805    1629
780    204
883    956
276    685
394    123
835    191
747    210
807    402
327    396
576    124
903    693
790    196
806    76
901    1389
935    405
716    284
694    499
862    10
833    861
213    212
883    202
796    1046
484    742
901    864
942    183
807    136
648    405
533    480
889    554
343    663
622    153
835    488
49    289
767    22
738    50
852    235
892    121
717    546
524    433
829    190
766    616
902    302
643    215
615    215
551    155
823    161
450    286
892    417
717    313
840    118
592    423
892    68
880    825
487    22
860    302
913    742
311    81
866    900
389    482
630    820
788    176
871    662
940    316
653    199
279    388
678    117
593    283
747    604
867    203
387    367
256    989
812    873
788    649
830    554
679    527
892    739
901    82
847    1167
840    473
851    984
709    231
114    135
867    483
911    482
294    334
210    651
699    985
551    82
763    60
864    715
918    1137
932    516
374    818
854    514
932    141
930    45
885    417
848    170
721    301
554    728
776    670
90    60
371    66
478    708
937    408
350    603
704    98
454    327
586    53
894    1023
716    650
632    228
41    173
694    100
643    55
633    97
896    234
806    1010
919    98
766    518
577    318
749    326
521    210
898    539
502    328
670    195
450    44
449    106
291    943
600    566
551    218
761    125
892    435
21    321
297    751
543    195
893    759
870    258
678    298
870    474
916    762
711    154
152    401
722    286
478    178
277    1
911    548
174    87
637    285
870    1019
342    428
924    196
937    304
174    167
922    168
846    52
860    865
846    657
276    1199
114    224
758    292
625    479
756    30
682    76
851    302
868    506
629    632
680    7
878    418
904    553
820    324
87    194
916    480
830    193
429    1074
610    423
893    161
768    9
864    546
497    239
682    161
37    226
749    292
532    761
847    742
653    54
792    237
407    234
826    1231
253    200
795    109
409    134
727    395
788    43
622    175
864    443
516    474
749    428
276    710
899    742
880    97
553    507
836    286
535    179
633    45
868    434
916    192
733    20
270    242
468    218
655    1018
848    485
906    823
796    227
756    919
58    191
315    475
413    276
405    792
144    198
936    20
717    285
497    413
710    56
922    660
665    92
933    160
566    508
806    175
796    126
758    222
37    568
363    17
442    77
76    1159
833    271
551    228
679    432
922    195
655    132
330    966
406    56
450    699
177    98
661    228
873    328
851    262
903    4
633    82
345    58
506    231
222    245
292    193
906    471
913    57
847    262
784    334
497    63
537    482
450    186
144    411
524    6
766    429
487    210
939    255
394    118
279    429
943    79
197    802
927    1035
796    633
846    506
562    1126
634    950
7    421
943    508
188    259
548    597
647    1016
234    144
733    148
696    327
371    176
804    32
271    428
2    286
95    52
621    184
873    339
883    113
648    692
654    237
46    286
447    211
437    249
620    432
301    299
764    222
437    420
38    433
158    83
14    382
416    173
406    9
600    1004
829    410
892    465
919    116
542    401
932    479
795    202
892    136
392    11
846    489
517    1177
551    520
479    470
899    515
301    41
582    742
815    114
592    182
876    511
774    508
885    117
452    825
881    23
750    886
758    236
886    168
764    819
655    1195
826    586
125    85
279    630
474    151
771    202
655    972
406    1101
895    988
846    88
901    932
807    300
829    116
704    156
7    509
864    133
868    127
649    252
76    851
758    388
659    528
825    831
738    28
363    8
535    495
905    471
710    181
653    367
141    866
881    274
694    204
786    385
745    169
651    690
843    101
484    197
789    276
893    771
425    743
929    521
796    231
939    411
875    131
370    170
885    213
870    202
568    191
909    880
425    334
425    269
638    22
588    95
579    50
73    188
879    50
938    117
624    696
642    118
276    143
13    803
799    427
940    657
646    272
880    93
872    476
916    88
887    1383
262    219
586    696
482    286
666    744
671    443
919    16
374    595
143    271
806    143
830    661
846    47
884    127
655    712
852    117
85    172
872    1040
456    772
716    525
238    255
592    151
77    98
102    301
642    147
602    243
305    865
923    460
864    69
878    393
851    8
116    124
11    239
916    756
826    89
892    473
823    588
886    435
840    504
887    195
792    405
387    153
437    401
741    131
429    737
632    318
663    546
886    87
880    771
328    51
548    252
682    77
659    836
846    173
537    514
308    66
916    42
714    748
378    69
748    286
659    467
286    173
919    260
417    121
558    137
851    472
574    887
874    676
426    617
543    603
538    176
804    616
561    182
254    228
798    243
117    249
881    62
930    176
922    810
516    582
843    214
921    778
189    459
532    834
504    322
749    809
804    737
354    1039
823    25
803    289
748    847
917    282
536    416
279    62
514    237
750    338
896    153
798    172
817    924
704    286
788    4
493    208
521    403
655    427
620    234
787    294
601    1116
521    265
834    628
671    38
556    523
907    744
779    275
607    855
924    178
639    28
913    461
548    405
907    1167
844    549
916    153
670    521
145    96
60    483
642    779
548    683
416    255
896    493
854    180
880    1041
695    887
885    100
880    230
559    261
697    260
423    887
864    157
487    94
615    286
18    56
119    492
514    98
328    71
882    202
486    293
110    739
786    211
846    161
663    64
798    140
397    474
862    930
896    77
424    304
500    367
754    127
766    514
663    685
543    66
610    66
352    210
867    1
830    87
360    175
862    188
109    28
936    1016
604    567
506    199
902    204
564    924
715    367
655    1248
414    433
419    1
142    268
655    197
919    750
833    273
537    603
520    990
345    40
62    747
940    382
344    258
845    308
922    715
749    941
222    685
57    257
788    29
934    550
889    128
447    952
831    1119
658    201
806    265
860    100
189    1154
279    17
715    68
441    100
653    840
588    370
748    197
416    223
145    869
81    210
851    23
766    198
882    465
757    174
368    441
396    974
442    239
882    568
788    748
861    45
488    132
802    200
178    174
922    29
465    275
652    879
883    124
887    56
880    1119
559    94
749    180
417    238
927    775
10    479
334    419
903    427
562    550
537    715
8    566
923    1012
809    333
501    276
859    288
942    79
645    56
921    820
928    48
689    358
499    519
690    642
837    1009
790    183
908    515
932    162
883    785
643    956
749    821
436    425
711    161
612    25
704    197
293    238
95    462
201    508
916    188
795    203
627    690
592    1142
901    210
833    298
870    693
830    134
722    696
881    25
889    294
844    222
903    1142
839    864
592    518
766    71
422    323
878    515
938    508
798    734
871    82
655    357
506    85
554    77
709    540
897    402
753    187
939    280
593    179
897    40
484    161
276    469
162    28
825    25
452    71
933    735
796    245
833    448
703    926
846    778
921    400
577    22
378    204
761    282
903    240
450    232
269    673
661    298
246    175
7    164
858    754
936    244
682    48
429    11
435    79
543    47
881    580
846    182
615    14
588    720
864    563
43    731
655    1311
189    185
659    1021
201    705
754    1197
617    671
294    255
654    223
540    147
26    936
567    56
788    62
537    1011
815    133
776    603
795    72
871    182
855    510
151    173
878    923
823    231
743    408
936    3
891    924
471    1219
819    177
880    470
907    50
787    286
523    531
916    97
408    751
894    277
563    220
848    484
882    820
541    95
796    342
79    763
932    530
641    558
297    1136
938    7
932    134
503    8
551    727
313    235
935    597
834    181
488    31
26    282
89    405
727    98
95    50
934    630
796    655
809    322
894    718
905    751
798    1446
296    1251
782    752
930    14
429    71
814    447
872    975
91    79
645    135
329    423
271    735
472    235
332    472
393    819
540    762
603    474
430    64
886    64
935    546
848    176
533    70
848    647
841    751
883    989
707    654
534    276
346    195
705    230
773    174
821    71
889    276
438    300
902    257
632    22
903    175
296    187
655    915
889    763
943    1330
308    583
132    1019
851    480
94    1007
447    474
621    386
553    170
934    199
705    576
862    1050
246    477
746    186
912    517
842    258
372    1212
727    748
943    385
470    124
939    257
918    132
374    193
84    591
880    257
938    250
914    216
723    433
526    272
927    1415
731    237
730    1012
834    515
894    1403
393    210
913    131
931    181
536    117
733    1132
888    202
23    387
940    357
399    182
130    293
889    1194
18    133
651    302
916    960
250    81
883    794
669    196
875    180
897    288
880    329
435    742
749    419
328    281
87    56
749    969
693    135
266    276
407    121
378    1147
642    58
249    658
880    122
885    204
642    420
347    1244
503    684
751    153
795    755
767    344
17    269
208    393
271    136
782    1278
908    603
393    302
899    177
913    171
916    741
863    750
804    219
498    527
894    698
118    179
536    22
825    370
908    195
897    411
5    419
760    1135
863    316
907    697
817    222
903    59
588    186
879    25
577    402
897    760
897    89
800    181
458    83
890    152
201    7
324    846
868    7
798    399
749    731
472    202
558    269
870    1073
712    1040
540    825
311    448
654    748
642    447
798    38
863    271
158    4
796    869
870    735
793    1
801    313
940    347
932    811
230    195
746    208
664    121
647    402
254    526
796    95
802    183
525    248
613    603
540    25
771    283
632    191
497    642
468    1134
881    615
534    919
922    200
819    304
537    371
537    496
871    907
648    633
320    248
425    33
345    150
790    328
114    171
7    173
934    902
831    204
478    144
799    307
772    354
1    122
721    1442
45    993
927    826
872    409
891    323
343    317
18    317
840    221
856    316
703    742
748    588
798    395
394    33
632    633
889    269
916    1010
10    484
197    227
905    322
896    241
919    333
650    151
846    615
911    627
815    88
378    428
387    188
794    1251
823    204
727    209
682    728
925    325
920    313
846    28
716    178
825    284
913    95
931    298
908    478
671    118
913    919
864    143
788    96
794    19
927    552
387    408
839    845
890    313
675    427
378    436
826    810
93    118
92    225
939    841
593    775
548    1047
613    89
927    402
575    168
428    269
883    354
708    457
314    609
731    1039
602    300
934    286
711    723
654    189
105    347
764    200
579    153
883    199
796    748
934    481
58    168
916    101
676    100
890    208
747    181
929    12
618    200
768    301
521    174
256    597
755    301
459    257
545    62
435    98
727    96
582    1
932    506
919    343
918    86
864    451
720    902
699    475
189    532
604    447
880    1035
339    346
932    153
641    483
918    462
504    400
886    581
846    131
741    218
663    1327
546    682
619    684
910    134
935    281
904    117
825    746
769    476
616    302
804    428
897    670
194    502
503    633
772    245
145    268
883    222
851    318
707    1255
25    692
673    322
752    321
899    64
886    24
661    50
251    202
808    270
20    204
677    988
919    382
181    237
361    50
892    216
776    219
659    519
931    100
30    29
918    208
826    95
355    1429
864    402
795    28
880    95
627    470
933    273
933    58
781    97
880    1
805    181
641    301
825    98
916    89
883    886
796    33
804    174
504    154
664    516
450    516
654    15
835    310
825    105
717    258
514    196
864    531
932    486
919    288
782    330
889    318
650    657
831    173
429    479
435    722
870    1664
663    174
760    845
716    135
861    20
804    479
913    22
934    510
825    833
345    941
912    610
775    305
515    895
940    678
500    402
938    742
434    1
679    483
721    284
523    168
406    98
606    235
646    307
877    86
872    685
705    588
889    82
661    665
714    257
764    69
264    173
457    1221
690    443
200    523
936    1171
744    483
606    1065
711    969
930    257
846    51
860    663
843    1157
886    55
601    473
657    873
812    302
435    603
929    144
499    56
769    13
645    202
923    121
907    172
374    117
829    475
932    513
773    522
715    101
167    1125
588    382
911    473
85    181
805    1071
907    220
707    479
759    323
741    724
934    602
936    343
611    315
458    483
65    392
608    1281
323    1048
860    327
72    649
648    176
864    204
907    107
913    4
532    1011
889    208
851    261
903    509
533    243
457    569
862    432
295    416
934    226
929    496
870    12
921    174
189    582
593    274
244    67
391    591
931    111
225    479
232    435
894    534
542    194
548    924
79    236
699    291
701    286
667    275
272    187
854    508
826    399
924    402
921    69
856    328
721    1065
896    427
802    748
864    88
782    1387
749    470
245    717
21    1
546    236
911    199
655    734
216    181
815    2
727    491
627    1267
711    365
903    475
524    614
360    474
894    509
592    13
843    91
796    606
840    174
919    12
773    70
847    142
693    197
677    1011
234    200
803    307
935    283
156    646
780    604
183    258
544    748
450    234
242    1355
880    926
890    97
622    276
913    289
870    111
918    995
938    823
786    528
887    1279
269    708
60    135
889    603
515    340
749    118
863    1127
267    5
478    710
837    740
301    100
778    441
588    378
896    239
782    905
490    547
583    524
605    275
711    417
920    311
500    383
938    458
846    396
934    96
793    117
158    125
795    434
833    12
936    255
308    778
911    530
732    304
720    887
291    508
416    680
233    4
401    191
721    153
846    1109
292    602
506    363
13    822
892    837
503    509
904    111
933    282
429    222
919    1060
796    274
862    866
798    926
816    1025
409    338
521    300
749    739
308    255
267    431
881    191
635    302
836    174
881    82
487    825
864    4
690    284
393    97
548    218
70    94
697    250
416    305
844    13
426    481
811    901
767    180
903    252
213    157
666    193
404    288
665    742
121    292
815    151
457    98
797    259
928    135
804    310
932    210
896    1303
416    1594
922    95
256    930
916    737
883    847
339    217
588    294
388    121
325    527
709    1
919    297
655    69
868    762
318    393
151    836
904    724
270    283
661    255
497    182
764    216
932    151
938    276
747    1
782    332
872    893
122    28
588    91
760    98
734    50
421    427
815    214
927    91
916    215
75    473
226    179
655    692
450    1490
892    1444
903    405
593    58
698    134
896    751
554    181
787    268
886    11
474    56
691    496
843    132
721    242
18    967
653    135
56    575
916    356
666    265
416    153
689    258
835    588
749    823
711    48
447    770
490    109
593    223
221    144
725    276
500    1010
833    474
936    766
617    582
12    203
