305    451
167    486
97    194
249    241
292    515
243    15
276    54
279    154
216    144
58    144
264    200
250    140
84    405
213    273
43    137
222    755
130    216
224    26
90    347
301    790
301    401
303    815
234    141
113    595
279    501
301    554
270    452
184    321
303    134
90    1086
271    199
305    425
234    206
180    462
263    176
64    392
114    505
216    228
137    144
214    568
269    246
200    365
92    168
254    229
197    346
90    900
288    132
276    40
121    740
22    376
10    100
222    26
244    381
264    655
188    692
276    188
234    626
205    304
164    620
122    509
82    597
125    80
158    729
186    566
295    190
194    172
181    405
254    121
64    736
113    126
125    190
130    1217
110    944
221    48
223    11
2    251
82    56
180    202
21    164
280    1
201    518
109    178
283    432
96    87
244    172
293    137
181    619
106    526
11    425
175    127
279    168
104    299
69    427
64    1063
297    25
202    283
130    569
303    418
223    423
185    114
154    242
43    40
56    869
56    447
230    138
305    483
205    316
13    868
4    303
208    197
44    507
58    709
295    72
128    739
201    209
252    277
64    516
94    471
6    492
280    127
90    690
270    778
156    641
184    86
147    904
200    291
195    328
28    79
161    98
92    180
90    187
102    625
59    387
279    227
87    9
318    474
308    848
201    1229
6    508
240    313
92    115
201    509
108    290
104    7
185    740
102    448
7    81
94    58
64    176
235    87
193    790
303    1286
315    13
13    331
217    7
9    298
247    736
7    228
222    1284
321    496
261    875
267    840
301    1228
130    731
308    863
45    473
318    356
270    736
201    403
99    742
271    111
184    181
291    471
186    470
60    222
230    142
314    417
211    127
254    1116
42    185
201    853
83    118
269    285
208    202
82    411
197    515
287    257
296    258
10    340
234    161
135    449
312    641
279    509
310    24
174    160
99    182
320    177
11    660
14    709
137    546
299    186
90    1194
56    69
314    692
66    249
67    147
57    926
151    15
256    413
165    325
151    210
44    123
117    50
109    31
89    197
130    366
198    214
15    685
305    186
145    183
5    24
13    167
18    58
102    300
7    188
312    188
193    554
253    50
315    651
147    258
276    85
94    186
78    412
13    480
251    144
311    568
209    408
124    11
7    93
98    163
189    91
7    174
177    79
241    294
301    496
138    151
276    301
197    176
293    167
22    511
84    529
92    947
311    229
308    417
23    404
311    141
200    402
44    174
46    690
262    91
17    508
130    410
7    614
7    647
221    468
92    781
291    99
22    173
188    88
13    305
296    272
271    8
291    824
195    14
130    682
183    96
1    98
244    238
145    368
200    227
286    83
276    270
235    1464
268    425
327    210
10    655
42    48
194    520
92    715
190    147
138    493
59    121
139    268
323    9
151    529
130    56
145    682
23    183
145    278
300    948
43    328
208    514
247    751
235    319
261    339
292    324
201    23
237    211
320    99
207    131
167    1306
176    297
44    11
290    1028
236    187
221    1067
214    1065
138    483
130    546
158    79
221    1407
194    971
148    1149
334    282
313    265
119    245
183    562
201    375
249    22
327    192
311    233
197    770
76    1129
59    318
307    22
49    531
223    237
326    54
200    820
201    4
250    127
197    449
104    100
336    66
1    174
311    205
318    660
119    697
28    50
169    301
18    69
291    168
106    273
305    302
303    408
159    323
326    675
136    14
201    991
140    322
207    529
250    174
270    159
305    210
294    979
35    1025
38    318
303    203
305    169
13    2
330    584
307    393
62    473
116    880
106    45
54    325
109    796
21    295
263    892
110    82
123    606
311    482
299    174
308    528
313    204
51    148
239    671
286    248
130    772
184    1020
21    218
312    631
106    97
280    202
94    99
158    144
184    780
293    264
308    4
282    269
159    258
269    1014
313    435
167    222
221    17
32    117
201    198
195    591
187    70
339    47
1    235
297    194
293    647
13    319
110    300
293    251
103    144
2    297
249    58
215    82
343    186
70    152
291    410
177    1039
6    154
200    286
308    447
56    568
276    780
308    965
327    1098
328    528
244    13
270    379
163    56
59    724
106    165
116    195
144    461
262    1220
158    580
297    678
128    97
252    129
64    705
290    418
293    210
243    275
159    237
205    333
279    1118
152    866
164    458
345    722
195    227
244    712
214    45
144    1169
327    50
174    902
345    651
92    132
108    282
99    203
122    212
242    934
102    186
59    14
292    1039
308    109
344    215
234    292
18    699
233    48
151    486
41    751
157    127
226    480
12    143
6    432
239    198
206    1127
76    518
207    294
63    111
290    818
323    79
280    571
184    217
85    241
141    472
178    1004
278    525
334    1008
339    573
97    428
109    665
311    469
276    147
308    746
76    12
241    750
280    419
189    60
234    521
230    125
158    228
279    397
43    371
72    68
33    328
194    648
240    300
336    619
145    185
41    313
341    294
59    229
146    307
197    748
215    239
311    378
214    531
292    510
344    283
238    181
130    222
87    629
57    866
214    285
248    100
177    1
246    100
256    576
345    151
318    194
7    54
342    607
234    192
130    357
318    503
293    144
198    15
64    56
85    289
102    685
55    56
43    117
234    921
244    747
214    7
189    1098
197    187
13    452
31    504
326    503
314    268
292    151
142    895
200    357
308    490
127    300
294    7
130    183
314    785
18    515
121    9
279    1000
328    188
172    657
237    28
293    447
292    252
253    566
311    174
90    323
59    570
339    190
321    1194
95    88
92    717
7    226
6    151
92    561
60    498
280    483
308    805
95    505
350    174
59    25
313    44
59    175
233    644
95    736
130    12
218    273
310    304
297    50
87    55
130    1047
233    495
276    747
290    158
233    212
330    575
330    8
42    222
291    396
329    79
256    202
295    1401
191    269
197    195
271    284
132    137
311    470
14    211
268    483
187    659
200    143
269    316
18    483
327    435
156    192
151    114
16    96
339    636
116    604
178    1035
330    823
274    546
33    258
130    1016
343    1132
130    779
178    480
318    182
314    42
325    484
185    197
85    1098
276    854
73    156
314    143
154    50
243    713
152    790
303    451
23    32
85    480
340    1133
207    1118
301    152
333    98
244    22
348    1
346    232
327    293
283    24
60    633
367    250
72    124
233    492
361    275
94    64
236    51
332    300
45    476
301    281
365    258
279    762
14    922
13    505
260    300
276    46
69    9
60    671
295    485
308    204
58    813
104    475
276    164
76    333
45    276
57    7
106    1
334    1172
276    234
296    15
342    156
308    87
256    12
378    202
67    1093
178    682
115    172
305    660
347    435
200    151
18    136
312    357
99    7
315    156
304    288
207    188
326    132
10    135
354    631
304    682
284    313
339    248
263    127
128    173
325    521
189    483
117    288
128    591
291    790
269    497
18    526
279    147
62    179
6    513
344    315
318    509
253    647
290    243
77    50
144    73
69    151
89    949
311    510
7    505
254    15
60    729
159    245
83    783
38    71
268    153
346    561
64    447
257    221
87    231
271    582
339    516
59    195
90    86
326    144
198    172
130    134
290    622
151    735
18    970
303    164
184    124
246    541
236    222
151    65
31    493
328    482
308    184
346    72
49    151
182    864
303    210
340    418
128    294
151    837
253    527
313    100
94    483
382    127
178    22
214    221
286    50
64    229
236    111
158    163
291    567
256    1207
31    321
126    289
20    1
6    484
28    228
81    274
13    514
106    86
347    300
311    402
1    210
18    185
112    678
82    310
198    184
348    975
345    221
249    172
48    266
305    557
15    148
326    566
201    596
230    607
388    313
60    493
222    780
272    22
76    64
248    515
178    1169
83    932
85    492
222    125
356    272
56    56
197    690
371    24
246    588
6    197
236    237
26    117
246    895
372    200
65    173
373    68
321    527
43    516
178    8
301    686
334    1010
79    325
113    322
73    100
215    222
223    225
224    846
178    500
374    454
295    1115
308    514
279    1231
278    22
264    381
221    128
326    452
322    194
301    772
8    685
135    603
279    209
229    349
321    205
65    328
347    280
314    282
293    479
268    244
279    820
251    612
25    520
38    1
303    24
307    183
11    100
95    660
213    97
313    97
320    974
276    418
357    258
239    516
293    642
122    187
249    137
374    1011
287    461
291    156
59    131
197    89
370    42
387    1007
2    307
249    98
224    392
56    231
314    155
292    1010
76    197
375    356
342    189
186    327
121    137
43    966
295    1133
332    218
379    8
75    1150
293    480
85    318
288    276
95    151
70    1035
276    420
303    568
363    228
292    173
339    175
60    88
130    833
177    1067
328    554
381    378
108    515
392    333
49    1009
269    175
210    65
341    1527
234    179
94    731
277    15
275    95
174    845
263    144
190    748
373    228
235    213
56    815
43    17
95    728
127    288
54    260
308    5
1    193
264    382
327    196
13    906
339    188
311    193
256    552
13    230
346    294
280    5
121    428
398    181
264    183
361    183
250    223
21    441
158    286
90    14
87    64
152    67
339    739
186    31
372    148
313    515
234    1050
62    508
283    210
371    179
357    326
128    723
383    464
167    126
114    520
374    824
144    471
44    5
159    220
105    333
38    118
373    506
327    200
142    288
13    501
347    82
290    474
92    663
200    391
246    470
6    526
292    285
201    57
354    61
18    393
268    169
267    204
354    276
62    213
303    1222
137    249
62    845
315    180
379    401
26    292
262    432
47    302
332    717
379    164
2    316
254    186
253    95
184    22
63    412
271    739
256    9
13    317
299    115
213    628
128    136
194    588
331    933
310    251
393    456
85    1137
256    226
389    792
299    752
274    277
393    1047
308    1211
397    108
344    9
327    281
48    433
92    559
279    654
387    82
345    356
230    443
151    64
285    276
344    248
59    527
308    1404
396    1025
48    132
393    349
256    974
315    709
244    135
327    494
379    176
393    278
374    363
325    152
378    66
360    242
91    161
70    121
276    831
18    485
394    88
207    194
224    1053
312    205
178    510
313    64
103    471
250    23
92    748
234    523
354    149
171    344
374    195
19    692
244    72
100    333
378    301
239    701
138    519
393    31
381    634
405    210
354    736
220    286
292    300
236    614
292    194
56    216
354    705
139    508
109    318
92    1207
276    806
72    96
124    550
399    742
62    1074
83    117
118    528
52    845
312    705
195    651
158    82
214    483
308    455
313    521
328    289
178    363
374    127
308    1021
234    193
380    923
276    68
389    414
11    300
223    282
311    234
95    265
308    664
106    88
265    257
352    657
312    435
279    391
246    403
334    1051
64    566
291    395
387    488
44    434
293    255
7    673
373    699
18    131
401    519
85    708
135    79
373    378
357    1095
152    313
218    5
178    96
373    842
152    286
380    433
59    729
22    386
10    168
382    475
5    144
301    229
232    318
249    86
358    896
18    497
59    447
42    732
56    588
193    29
387    81
399    175
145    230
222    849
95    791
6    521
221    496
152    80
193    750
125    648
327    895
85    1021
7    675
256    566
43    191
271    185
407    231
200    148
227    93
276    125
195    213
371    746
112    754
130    195
75    190
416    348
80    234
325    432
106    1115
214    13
261    342
85    1149
189    474
416    356
200    1228
292    320
60    499
118    22
373    269
354    414
242    291
344    286
293    467
130    270
45    952
338    462
94    217
398    659
297    423
338    194
334    558
361    684
268    211
234    198
385    56
420    331
320    100
378    655
346    879
406    317
312    382
268    568
279    25
393    690
328    879
250    293
83    722
248    290
75    273
174    40
381    512
189    639
72    484
271    64
347    7
264    12
99    328
49    518
288    178
213    692
346    83
146    346
66    288
251    427
257    301
254    140
57    271
283    125
325    835
393    705
387    845
336    722
45    1
425    748
216    234
349    475
269    414
125    275
405    575
43    684
119    1197
332    1028
1    54
27    100
402    7
172    178
11    109
94    1223
7    645
223    294
326    670
313    161
246    83
312    190
429    73
363    184
422    919
331    182
334    396
301    419
311    62
177    172
339    509
201    321
150    235
212    427
268    484
183    222
416    56
401    137
128    50
16    606
58    923
198    182
72    479
338    174
256    227
399    114
254    699
354    659
387    1538
157    93
381    498
393    420
393    554
331    242
417    135
145    265
199    475
330    393
417    1023
272    521
222    409
345    77
308    385
49    386
272    201
94    961
59    98
244    1048
98    745
123    704
378    723
416    220
94    223
295    414
343    132
141    120
16    602
211    455
177    168
14    517
277    872
176    750
94    496
398    216
339    1113
26    333
387    1014
200    660
125    69
95    402
151    1264
109    157
262    581
374    280
402    234
406    1047
8    127
428    690
102    385
393    71
83    568
303    1188
262    588
138    357
200    123
89    14
276    551
322    489
426    603
276    186
280    780
269    1438
381    304
128    98
398    191
434    1060
118    32
18    241
389    404
437    165
2    299
90    705
361    179
125    496
286    792
334    132
263    265
399    768
221    173
374    234
279    465
28    223
389    736
416    327
185    279
393    189
90    602
195    235
422    258
346    1222
102    286
344    222
22    172
201    260
82    1126
126    327
378    9
158    433
399    679
406    503
422    126
428    875
63    116
312    1039
354    162
291    294
60    505
224    300
286    66
201    693
173    678
38    28
14    50
435    462
268    134
392    321
215    182
218    154
378    1046
59    625
160    23
144    785
442    182
72    117
236    549
239    488
178    619
26    240
58    216
401    196
244    866
121    508
244    52
429    1113
293    206
361    197
64    175
125    94
442    54
64    403
110    11
422    273
378    286
387    48
348    476
343    194
256    685
435    746
279    638
391    204
435    652
447    121
94    55
329    483
11    40
92    845
407    117
394    508
293    53
40    750
91    515
354    1241
151    707
158    117
230    485
342    122
412    135
435    234
311    576
313    526
178    196
354    134
342    13
417    636
348    1120
393    1215
293    1042
72    51
58    311
327    219
151    1113
308    484
293    1017
157    1258
194    482
62    514
224    162
378    449
314    795
315    194
379    2
24    9
64    385
450    216
268    194
395    255
56    7
151    461
363    792
243    83
363    215
184    9
114    210
13    450
450    739
105    752
60    77
123    482
393    38
385    922
299    543
83    471
106    699
222    591
144    1285
215    357
231    924
114    96
28    70
406    50
340    71
207    986
407    1028
423    1134
381    30
435    675
7    176
13    604
234    673
194    1093
389    275
389    71
414    264
216    9
97    661
14    716
222    159
130    41
373    1079
407    68
293    1226
451    323
22    168
409    181
345    312
158    204
417    1039
293    637
96    1154
393    41
389    4
435    160
416    1092
90    45
175    132
435    188
378    12
449    1009
234    651
158    154
292    190
64    52
337    121
330    527
405    88
73    518
297    70
314    409
280    288
140    872
85    1131
350    604
392    8
90    33
239    736
405    318
326    48
379    157
442    41
18    961
119    1160
94    92
251    252
160    1073
160    1016
380    114
222    403
37    948
342    160
96    96
287    748
154    135
303    825
287    250
366    854
94    810
157    508
379    270
449    282
55    273
450    64
380    631
268    527
13    678
256    121
293    22
308    675
451    300
313    226
13    524
407    418
296    269
308    692
346    176
399    1459
393    21
7    553
243    1281
442    38
312    609
334    1137
226    250
372    286
320    50
348    924
393    1043
64    157
270    253
462    682
152    157
29    294
7    491
235    494
423    300
388    690
374    210
16    7
381    459
397    479
85    179
215    227
13    258
110    550
75    118
452    641
276    198
436    66
461    50
437    423
312    372
288    346
174    723
457    500
378    959
335    333
213    199
393    470
321    45
194    100
347    273
334    531
269    502
312    512
43    211
387    1537
330    118
145    259
347    597
437    166
431    323
11    750
426    199
17    117
312    1167
401    248
169    211
312    71
379    203
343    463
389    965
18    403
330    67
7    584
246    250
194    485
457    720
292    214
367    53
339    179
459    216
363    444
262    974
222    450
417    139
374    254
89    875
458    387
450    382
70    181
456    210
280    1066
158    797
223    295
87    216
234    23
321    1331
369    168
119    591
472    877
425    177
42    1047
286    47
23    95
437    710
256    38
224    280
397    288
216    475
271    193
351    751
472    449
169    213
293    582
194    154
10    216
5    21
63    929
459    357
87    230
21    551
145    673
215    523
317    313
99    64
222    89
27    50
59    919
312    89
373    155
246    210
105    270
378    49
330    252
10    211
198    173
311    306
437    479
303    222
311    216
389    64
344    7
60    618
246    25
339    403
69    123
138    187
476    792
474    736
291    9
313    684
474    528
453    73
450    204
394    288
347    118
266    268
267    128
474    176
13    237
239    443
60    366
13    770
37    92
177    161
81    100
345    148
16    948
90    721
83    580
463    24
416    480
201    288
392    99
351    326
279    274
470    475
457    45
435    82
395    313
99    829
21    17
445    886
70    403
263    300
342    133
31    340
426    606
264    367
357    744
422    50
457    79
64    143
416    217
440    1073
454    945
173    331
452    609
286    394
43    496
290    230
409    489
172    612
299    346
198    403
230    501
332    1011
334    1313
200    546
308    208
327    746
346    431
295    229
128    191
453    7
453    456
367    218
417    101
253    732
416    176
451    322
254    400
385    479
308    123
196    66
484    300
487    1044
194    197
458    517
422    15
345    11
429    56
276    426
448    292
184    127
468    69
474    484
277    276
7    588
38    84
323    479
144    242
426    505
299    259
177    12
487    280
238    926
426    478
106    12
429    436
354    275
91    612
333    255
280    746
164    845
429    367
280    162
467    762
346    29
268    780
92    1073
58    124
224    1221
392    297
409    162
280    56
243    1
65    185
334    61
459    181
268    399
65    294
429    170
358    584
151    382
235    655
391    328
379    200
274    924
456    3
65    168
336    168
158    546
60    665
435    226
85    705
343    144
407    859
213    286
394    154
402    591
483    237
18    287
94    642
394    550
490    9
458    152
328    11
453    42
301    144
445    87
343    87
343    660
160    100
400    304
254    64
313    480
152    71
213    181
479    168
393    87
194    503
279    421
393    1120
378    87
128    132
124    172
195    753
495    174
452    488
224    276
395    98
490    284
23    414
432    151
23    124
7    611
58    514
326    501
473    257
15    269
268    1074
104    126
457    597
368    181
331    694
493    61
401    318
101    924
184    357
87    48
97    135
457    436
484    651
405    50
447    183
213    222
383    81
435    190
52    22
487    672
429    705
92    91
239    675
423    1265
236    483
416    747
417    242
62    70
26    750
481    1089
393    727
487    117
280    176
207    179
11    258
367    176
472    151
85    57
276    240
393    1244
456    218
343    744
184    378
234    153
456    68
339    69
144    196
256    403
346    748
206    269
38    402
299    88
272    50
320    226
314    393
291    290
109    323
222    735
84    276
452    171
434    125
16    79
297    8
90    837
283    175
198    101
142    408
13    829
499    664
305    479
43    269
340    88
433    194
167    225
214    318
26    304
429    291
423    690
288    345
123    100
329    284
435    943
125    216
64    310
331    124
478    276
119    762
347    164
282    262
345    702
62    655
13    686
487    43
210    56
166    294
264    184
422    222
303    458
6    293
416    739
399    651
292    1142
500    294
387    217
381    517
200    226
293    1208
387    547
308    88
361    1103
44    380
92    54
264    288
499    514
352    50
59    55
7    23
487    237
145    1291
218    168
464    194
379    568
404    1238
296    125
212    268
450    288
470    919
415    641
262    421
468    116
271    179
343    521
316    923
417    1207
276    354
447    258
18    165
298    294
130    411
80    154
1    32
184    381
94    111
95    491
490    257
105    690
474    293
436    504
371    423
455    70
417    774
404    739
450    923
360    328
480    615
416    515
321    48
506    229
415    754
109    79
436    642
121    165
314    588
94    187
389    127
91    132
215    313
331    1194
275    71
297    154
493    210
466    546
393    717
179    307
346    746
23    530
235    83
293    25
450    272
1    141
170    323
198    222
308    19
5    29
24    180
478    48
436    168
500    237
250    988
293    462
7    547
504    414
477    15
313    258
249    741
301    81
387    470
385    1066
96    195
57    64
495    391
387    91
500    30
17    137
436    125
94    90
145    23
167    435
425    22
13    316
457    240
435    154
380    463
425    529
339    530
514    429
376    427
481    313
64    679
524    205
479    164
109    29
376    223
232    302
26    628
334    83
378    693
475    347
374    620
59    647
91    176
474    285
343    89
456    50
60    1050
267    229
493    180
495    216
446    328
429    165
453    427
450    465
348    121
472    141
23    283
378    651
450    493
254    8
291    417
320    421
399    559
371    50
92    100
504    417
474    498
435    200
479    1244
10    334
458    956
530    527
81    275
63    1012
59    416
42    720
213    511
83    739
118    53
130    261
514    47
327    182
94    786
456    985
160    248
474    210
501    307
401    632
171    258
493    250
58    652
92    421
476    238
311    648
286    121
339    276
7    656
532    95
519    352
85    712
303    544
363    216
406    474
476    734
360    248
313    167
447    678
473    276
472    552
506    1016
275    135
256    88
385    143
497    87
474    529
279    649
393    494
501    324
521    179
314    78
459    222
60    433
121    1266
305    180
437    381
405    404
194    1011
96    181
32    313
189    1065
518    934
525    281
428    877
478    81
312    1126
486    1202
407    1
377    98
351    322
418    899
497    99
8    195
85    27
308    430
123    286
43    347
456    111
256    15
471    1
382    197
419    134
279    764
251    813
303    270
253    100
169    331
213    185
442    710
455    727
251    151
535    519
344    129
99    125
271    703
123    657
134    328
262    582
393    356
450    792
70    161
116    900
301    47
426    673
303    658
198    121
63    741
21    436
85    153
416    452
3    355
453    298
214    180
189    855
21    301
118    513
276    158
327    502
7    609
184    82
459    252
511    271
535    1093
387    250
184    20
18    425
407    1044
214    172
88    300
437    421
443    258
406    179
363    859
437    748
110    325
391    462
534    455
416    972
430    98
56    1035
514    179
321    530
442    482
271    864
514    83
102    235
504    1004
393    404
533    673
447    483
372    447
450    134
409    496
421    302
435    1044
373    144
200    54
95    179
126    311
145    379
426    657
354    604
8    684
185    111
217    79
501    127
144    258
339    208
178    92
65    778
62    729
194    182
405    517
95    356
452    204
386    117
472    97
363    298
36    333
276    603
537    1085
429    602
41    175
151    31
301    373
233    8
479    54
527    207
339    151
290    484
207    696
300    876
416    354
187    65
152    354
13    79
457    134
244    1132
321    499
313    655
72    9
12    242
409    855
416    156
520    269
533    303
347    31
457    717
426    435
401    197
264    123
459    278
486    1093
318    763
532    690
468    182
70    393
8    435
26    14
59    462
264    873
109    373
474    171
56    117
210    181
522    100
312    510
496    42
508    73
174    739
181    291
345    278
454    250
70    168
399    420
174    100
311    218
321    463
466    651
497    89
69    246
7    380
518    1017
397    177
345    241
450    632
90    896
119    226
498    218
331    198
64    237
523    83
303    1142
339    737
201    591
314    806
504    204
186    568
68    475
102    204
178    469
430    100
532    682
541    210
102    211
551    552
389    1444
203    222
472    559
314    699
535    607
437    512
85    14
328    186
92    204
459    832
392    114
492    86
59    174
298    97
32    405
90    1199
455    694
293    177
518    717
95    210
492    64
391    132
506    209
234    211
426    836
354    709
151    582
474    195
184    399
452    494
496    420
186    540
551    864
130    894
553    22
450    765
13    170
524    199
295    134
495    470
381    228
92    78
125    1185
215    202
429    578
466    902
536    230
178    354
378    153
267    124
327    340
230    216
483    405
487    288
62    222
251    281
318    174
542    8
145    17
455    228
472    49
264    14
416    775
394    4
434    844
11    290
269    445
454    692
249    471
472    1053
363    54
13    404
177    568
457    403
144    654
498    919
318    132
539    661
87    181
489    330
501    249
94    923
40    896
563    1035
122    660
126    690
455    515
342    1103
378    144
378    21
184    529
342    7
447    248
347    1039
503    561
545    89
147    270
66    50
168    597
537    488
399    301
546    17
536    727
541    1
318    1012
291    566
530    692
339    79
483    199
526    270
343    168
463    244
400    288
313    633
565    52
128    690
406    117
450    282
328    44
496    181
194    8
567    636
1    93
488    419
536    69
87    281
419    617
267    169
452    99
7    47
255    682
89    321
339    528
344    121
385    1007
130    1095
305    793
173    302
245    1047
256    66
26    458
174    764
208    310
392    255
540    109
130    100
498    1083
56    78
174    417
311    356
467    7
542    1218
536    217
44    121
514    318
417    73
312    208
189    603
454    58
21    854
551    237
560    203
234    873
417    214
454    28
533    879
342    699
507    245
363    317
87    783
280    731
276    323
284    345
157    313
524    707
337    250
366    217
484    924
200    68
14    428
500    498
506    1073
537    447
291    1217
466    302
85    143
280    174
474    132
536    271
560    319
551    316
576    825
72    655
6    530
318    26
514    682
450    865
498    1007
538    405
569    1
323    873
378    1042
458    469
59    410
568    606
574    315
268    184
193    403
311    133
493    763
585    1488
47    683
489    873
508    216
28    609
138    12
357    476
545    22
294    237
577    204
269    191
504    167
325    82
373    226
401    276
439    1048
514    732
10    462
450    433
564    827
59    975
485    245
506    182
362    322
253    220
536    183
394    282
532    300
416    559
547    354
551    15
579    845
416    127
588    365
527    156
248    176
276    1141
296    237
164    717
591    1017
334    265
379    576
587    349
62    403
343    153
378    620
451    881
425    831
271    285
88    313
495    214
222    168
13    12
13    518
450    315
286    396
178    87
456    182
445    293
344    151
411    655
329    117
323    144
497    39
407    357
387    238
396    405
585    582
447    17
24    237
416    864
94    484
399    1074
416    628
194    159
94    209
586    559
408    302
391    11
21    244
263    480
497    455
450    371
184    175
596    678
200    501
115    174
593    392
541    255
495    504
13    661
114    646
318    284
174    139
136    237
201    644
305    181
489    539
182    479
326    228
417    1157
10    511
543    810
130    118
533    496
390    1
48    98
5    172
311    754
552    829
167    8
592    433
457    673
524    213
603    21
253    96
164    291
577    186
561    513
387    532
221    230
530    70
334    498
90    462
29    879
244    1168
95    78
479    226
487    183
239    504
222    580
2    293
320    546
405    94
263    132
339    527
13    433
524    642
562    191
85    458
416    275
458    127
485    313
583    663
543    190
537    648
276    627
518    236
351    301
525    685
554    228
593    211
118    98
328    127
579    168
291    325
92    1208
449    473
320    17
456    959
243    732
607    487
524    210
580    148
213    127
130    449
589    288
470    813
444    271
293    483
577    1291
532    117
326    609
528    82
1    268
116    655
199    7
280    313
437    95
545    68
59    147
529    984
527    709
374    696
493    115
119    1166
28    760
138    56
58    269
484    248
385    208
568    475
523    289
488    222
62    196
605    531
393    186
399    50
343    334
270    244
281    294
416    203
388    569
553    89
13    193
238    286
593    655
393    951
118    413
296    251
507    310
421    185
429    679
577    380
90    464
615    735
373    756
533    229
600    554
577    443
573    478
264    182
189    492
374    1094
57    546
256    5
365    100
554    411
196    382
610    751
514    715
585    1512
592    806
362    350
566    88
385    1131
571    496
618    182
301    82
537    558
619    245
432    678
435    132
407    559
561    640
505    332
210    99
500    258
577    365
151    504
512    191
6    186
303    1511
586    926
474    121
187    213
514    239
488    230
551    471
524    191
592    157
401    481
615    1021
620    444
70    554
436    708
297    191
17    286
523    181
435    433
487    411
499    1101
136    283
215    218
286    761
561    346
130    328
540    249
97    663
246    132
389    185
234    404
324    875
209    14
90    811
600    583
567    919
398    197
506    183
54    255
336    763
481    659
606    210
468    662
606    124
480    127
200    43
488    172
164    298
42    283
303    264
346    642
621    833
350    50
508    176
82    121
92    4
551    550
144    588
435    12
533    151
505    203
504    58
374    95
507    316
87    728
460    303
561    597
151    430
24    200
457    531
402    455
195    740
229    288
567    298
207    1028
583    268
569    117
244    357
177    1218
57    105
367    563
621    135
387    952
537    275
151    463
562    501
6    178
453    1017
518    273
104    405
553    481
452    510
276    393
537    613
327    79
526    919
555    489
91    136
504    1030
116    390
614    100
407    25
599    471
521    1012
601    164
350    214
256    657
378    807
624    864
537    92
532    470
385    250
500    930
620    565
399    1480
585    707
293    895
608    1113
257    381
391    546
13    754
465    529
313    152
355    681
380    750
551    808
399    156
632    288
631    272
249    806
537    133
494    15
535    282
622    283
474    489
81    591
387    13
561    304
290    1060
595    1094
559    265
407    123
365    125
128    705
585    45
603    100
181    275
514    69
52    258
298    435
532    1426
497    746
303    502
499    326
71    14
224    748
405    219
551    42
622    11
405    661
271    461
547    347
356    286
499    69
120    742
621    423
254    1091
425    636
500    129
323    258
195    433
543    647
311    197
385    502
256    1047
630    717
389    58
254    389
554    227
457    755
552    866
599    120
642    38
460    273
312    487
492    523
294    249
597    936
573    492
458    169
298    866
600    27
468    214
290    229
466    24
463    151
500    97
573    176
194    15
635    873
21    993
644    100
606    1277
644    748
291    427
457    173
436    219
615    294
378    273
499    879
457    554
534    370
417    709
618    77
452    286
370    50
13    747
642    720
342    1528
642    728
407    385
543    381
553    479
345    433
632    71
90    497
127    343
230    99
429    290
72    521
21    200
503    168
500    298
426    134
642    105
526    936
417    288
392    127
312    478
648    288
456    806
381    14
591    275
588    699
234    531
531    312
249    56
621    559
431    689
99    117
507    1089
327    204
493    273
296    1160
588    278
160    168
151    952
566    157
76    1019
639    58
436    216
561    45
556    288
189    485
413    877
543    28
632    202
358    1021
437    212
481    197
487    956
627    300
579    1047
13    769
551    912
534    687
406    520
532    929
324    282
449    61
472    228
532    1226
591    88
295    69
542    655
567    478
26    50
435    924
363    174
464    286
345    44
327    271
13    32
442    635
417    513
52    527
160    153
543    88
476    367
21    7
639    709
588    288
500    62
642    151
217    562
305    42
326    393
94    219
87    546
495    184
320    121
561    959
591    921
201    567
533    1033
532    197
493    264
235    1193
7    436
417    97
642    258
409    618
452    170
210    235
333    168
450    205
620    563
145    123
417    923
327    201
239    511
178    809
200    496
592    64
561    461
430    165
554    223
648    154
574    245
621    151
244    317
380    663
458    14
643    189
378    1063
379    842
429    475
14    124
545    135
121    83
128    483
234    177
83    70
530    56
73    152
216    237
530    163
488    258
624    137
614    9
537    649
138    117
504    543
338    52
601    588
457    739
479    945
436    649
621    769
363    778
442    975
320    233
645    675
450    77
394    402
308    602
527    208
649    1
272    175
7    444
207    202
336    42
141    25
371    435
307    1028
387    558
63    1010
499    692
542    210
245    597
462    22
43    482
200    193
524    684
160    922
610    489
378    694
495    54
555    357
436    47
523    476
588    215
378    298
375    573
261    245
478    1101
133    902
385    521
655    347
452    465
629    332
538    31
646    690
95    485
599    111
90    194
254    393
185    116
299    1
334    42
327    111
663    588
601    671
532    292
354    286
465    511
189    378
152    66
625    213
660    96
653    83
291    924
479    213
311    64
643    928
435    163
592    174
515    323
64    531
151    195
156    806
653    157
504    1444
423    471
227    1143
85    23
387    193
538    381
664    179
518    864
99    1079
523    194
488    185
429    96
490    150
577    866
90    154
655    509
312    596
276    82
506    261
450    71
416    137
579    603
435    845
489    243
125    172
614    1009
201    469
239    45
437    1036
493    22
541    432
295    561
393    291
561    285
468    1012
655    1370
650    1119
37    841
450    233
380    265
548    121
606    31
605    98
655    1605
280    402
582    237
322    303
450    956
282    333
545    181
661    131
91    143
659    272
606    483
283    433
82    1
587    288
536    169
667    285
74    690
439    240
394    250
666    223
527    467
661    480
642    294
645    200
194    209
500    514
650    66
673    294
655    283
579    269
459    7
519    1591
567    135
11    646
553    435
484    313
379    188
526    1084
543    936
299    478
659    602
419    100
521    151
666    203
393    24
457    181
7    417
470    458
655    707
416    31
585    1193
666    182
430    181
316    515
519    330
457    83
435    1215
332    172
642    826
393    118
504    208
621    944
271    177
106    739
450    163
219    4
601    157
628    874
291    423
204    146
622    568
276    735
614    279
406    504
479    479
94    501
393    1181
543    44
519    266
504    69
551    979
417    399
13    656
624    924
669    462
144    405
267    186
633    183
56    153
625    248
653    1012
59    313
641    83
466    326
373    431
666    206
385    428
299    81
346    55
342    378
640    1016
660    98
239    1098
43    491
295    790
457    200
62    521
537    202
660    7
613    64
539    22
669    169
344    1137
492    657
542    192
95    102
311    735
620    993
665    1040
70    135
495    157
673    269
532    364
630    257
474    289
94    1211
314    470
524    52
654    746
626    294
577    829
372    288
624    1047
139    302
643    223
625    183
386    982
622    82
618    1058
654    1285
592    257
200    924
85    504
259    298
479    172
588    217
542    237
546    7
330    1
236    191
585    510
354    582
552    147
161    1117
256    1208
573    713
364    990
363    90
634    258
92    51
435    152
496    53
458    588
213    106
378    53
11    715
625    528
334    462
101    926
643    262
254    69
591    466
537    209
586    849
489    1612
293    200
45    257
429    708
2    269
666    199
14    302
95    95
305    845
503    1317
532    1
455    423
286    316
102    655
343    536
601    185
374    192
346    67
207    722
2    255
359    268
533    20
648    79
356    307
429    52
256    363
270    535
90    1205
323    23
244    80
608    166
20    148
354    303
655    1585
467    249
174    126
588    174
470    1
468    111
262    153
561    52
388    9
622    50
705    1043
551    943
502    687
268    191
650    449
535    61
323    50
429    418
620    35
694    432
240    269
495    229
416    754
388    307
200    62
608    133
393    68
347    203
707    14
514    181
648    5
481    100
630    172
620    1
474    664
627    939
659    89
655    1538
682    443
263    1
693    289
28    288
328    692
697    298
483    229
666    132
589    749
416    463
99    313
385    1069
650    671
184    65
666    245
293    518
168    225
303    255
618    596
537    64
617    175
618    239
543    8
670    945
14    265
387    295
707    256
492    479
663    273
148    227
474    212
234    416
416    1441
201    317
267    155
432    815
615    303
487    742
642    769
457    65
416    737
561    578
454    1035
454    879
588    208
561    212
682    97
72    402
627    1074
586    379
592    1097
488    196
116    181
318    179
639    137
85    1136
399    576
168    1012
301    576
301    451
592    1281
592    922
529    271
413    332
487    230
450    845
343    179
559    502
456    421
534    1
102    95
665    307
344    285
601    91
592    192
389    285
85    1174
676    751
655    1252
666    518
378    482
311    404
456    1010
195    276
271    131
639    707
504    411
436    585
707    302
144    282
569    225
450    1091
699    321
11    29
532    307
38    411
588    399
661    408
640    168
404    307
389    202
545    378
29    268
684    238
661    237
1    199
399    1540
524    319
308    77
525    288
716    275
292    199
201    86
313    419
699    324
301    186
560    89
664    673
524    649
682    399
331    1101
313    502
621    273
535    655
479    511
655    291
712    392
661    423
234    510
526    879
497    568
655    286
160    211
714    282
561    568
503    427
543    214
577    265
326    239
279    1321
684    520
382    135
328    984
536    71
457    632
671    685
721    879
537    655
144    751
553    615
456    53
655    1194
654    111
635    262
717    748
634    282
504    393
655    1128
321    1050
425    62
378    95
458    467
361    166
721    687
354    528
622    157
565    970
570    301
494    357
82    71
64    235
318    866
365    476
239    652
178    64
478    655
60    136
711    269
709    22
348    974
60    70
601    64
151    82
76    192
533    239
279    1491
666    515
592    1085
707    83
454    300
474    486
566    12
6    173
545    746
655    1255
90    482
429    141
712    213
623    183
619    118
718    222
292    499
523    533
600    241
303    956
655    175
284    687
646    258
327    99
634    287
21    853
291    93
699    749
686    234
13    444
57    678
43    473
487    747
92    735
562    98
524    133
655    187
727    217
351    312
411    208
417    1086
514    283
716    470
279    410
332    294
560    429
655    60
712    399
519    339
374    282
11    25
383    514
81    269
487    1
235    971
456    268
342    98
543    474
480    705
486    1171
588    846
84    744
650    1126
201    65
659    143
450    51
705    627
126    681
79    258
655    150
399    79
110    326
472    1047
393    203
630    595
378    755
64    31
698    485
533    197
711    25
655    739
454    742
708    1
537    404
683    321
529    876
497    204
712    181
567    192
354    246
338    286
435    182
655    1131
713    1434
394    28
169    50
645    91
389    1204
123    64
504    53
650    183
537    882
486    248
351    989
412    182
280    764
524    1113
43    699
620    740
279    33
658    129
457    473
734    419
644    293
310    50
5    387
658    45
655    1600
506    423
749    2
675    1653
378    31
618    11
493    183
577    194
447    629
587    691
69    234
665    117
295    222
405    794
490    137
694    216
657    922
577    71
376    301
405    317
641    303
749    663
552    934
244    1136
657    286
280    1051
655    903
343    81
522    12
327    7
682    205
538    294
577    549
727    628
617    1019
85    87
565    639
479    96
7    202
455    7
62    144
550    1620
6    502
648    143
680    845
714    181
102    546
745    7
643    410
508    423
43    186
533    566
244    158
398    127
699    989
537    141
537    93
168    313
727    24
505    435
711    1119
727    73
178    180
593    619
738    178
666    523
536    213
586    11
615    175
267    198
403    291
627    191
234    9
567    659
577    65
621    128
207    1272
588    132
717    100
499    521
517    258
640    919
629    292
62    699
548    466
62    127
747    1050
286    934
294    535
756    527
591    393
460    515
369    358
314    731
22    566
551    282
378    663
546    145
664    234
690    1207
187    462
600    269
635    1
745    520
665    195
587    271
632    234
690    794
607    475
655    293
655    1602
407    257
468    121
557    96
344    13
119    826
314    1012
359    323
741    435
630    322
642    575
737    47
738    175
504    245
621    391
472    226
642    8
632    17
435    172
538    28
719    223
431    302
399    307
698    275
64    141
346    403
506    210
232    423
716    181
756    99
618    684
224    54
293    179
308    615
640    342
58    210
82    304
489    288
493    239
455    217
65    87
622    385
524    472
103    487
305    287
504    238
286    17
260    333
548    100
279    797
346    216
657    346
553    8
767    1068
551    627
763    588
648    1003
654    174
532    824
561    608
727    1657
645    209
634    121
628    173
94    1110
455    98
536    403
91    735
648    662
655    979
618    485
472    540
650    510
709    187
640    14
704    50
267    411
711    1014
659    153
669    174
399    72
482    748
606    183
758    7
524    484
763    88
523    477
619    188
413    303
577    739
7    68
551    1047
648    520
495    101
416    619
487    31
435    7
586    467
268    652
561    607
26    250
619    273
187    134
744    508
767    478
750    270
536    740
541    500
463    310
556    481
411    210
514    1160
693    673
321    531
40    242
429    50
116    303
713    1176
503    14
730    748
642    624
167    673
536    180
551    182
709    164
80    237
600    399
532    402
716    1047
361    727
571    964
751    487
727    541
7    510
184    1008
664    770
130    932
452    202
642    120
180    372
95    133
614    458
409    1558
174    286
649    15
537    971
115    229
223    309
655    1650
201    515
7    502
727    809
564    289
679    64
267    498
655    289
110    393
154    238
463    121
297    546
747    835
764    820
640    550
506    69
92    186
548    185
708    764
671    177
267    742
734    143
399    693
405    434
305    709
347    188
267    82
11    527
534    978
655    1281
671    29
354    606
435    218
447    144
522    510
408    294
480    257
561    48
279    781
211    705
766    82
671    1217
776    672
417    1091
655    604
413    50
622    550
782    250
31    811
268    200
682    806
789    1012
786    177
211    199
435    541
548    882
393    405
500    50
659    647
693    684
747    1194
407    286
655    1192
773    91
654    117
524    211
749    159
682    465
682    1048
690    226
621    24
642    125
472    173
502    259
661    69
749    145
715    92
384    327
731    507
279    728
553    100
18    737
595    9
165    318
258    286
363    38
450    422
69    302
627    797
389    731
90    1039
474    475
420    86
488    164
503    732
453    181
297    90
608    333
501    591
697    818
6    317
781    483
533    134
771    28
591    357
416    1020
10    582
256    471
60    615
619    174
178    1197
153    79
759    332
232    582
721    215
532    295
711    713
746    196
781    100
380    121
669    749
422    275
738    195
749    293
655    385
705    28
15    934
749    1047
621    810
393    794
782    1538
416    318
129    304
406    478
764    71
586    841
796    418
495    181
562    181
425    121
330    385
216    735
367    800
786    404
456    380
230    371
276    185
715    475
10    701
645    433
458    514
48    357
747    1203
164    472
642    542
195    582
292    96
148    8
788    692
504    357
785    209
623    227
561    656
424    50
432    276
429    92
798    274
532    269
378    43
655    165
638    679
501    24
623    222
536    493
83    31
387    919
586    173
796    527
495    472
751    652
774    127
371    1
600    184
54    117
344    98
535    692
299    154
250    123
194    651
132    286
608    1009
792    595
593    161
305    478
666    603
793    121
608    357
749    736
193    161
303    665
354    270
492    482
752    340
429    340
7    655
684    1
659    195
743    297
694    181
95    707
534    405
430    137
131    813
452    163
383    193
354    464
751    778
486    319
504    142
268    92
743    268
802    323
711    132
76    1071
764    77
786    429
135    470
436    23
363    919
675    311
56    300
562    143
712    699
712    416
59    591
521    402
798    196
682    150
532    535
727    187
24    402
92    658
568    486
763    151
82    79
123    432
455    252
798    116
777    56
532    52
738    496
755    269
557    298
561    168
372    299
748    258
780    208
210    792
367    413
522    23
749    194
396    471
189    4
782    308
138    45
124    7
479    1142
525    405
532    318
709    939
272    651
763    22
90    8
18    204
716    527
545    31
553    638
553    190
328    192
805    747
627    578
716    837
374    12
671    96
652    245
711    731
552    250
422    561
790    232
788    601
538    22
378    1101
328    73
16    71
709    293
633    5
305    431
383    238
623    291
551    88
567    205
622    169
788    570
521    109
222    109
83    38
378    59
659    629
694    423
452    509
299    153
776    164
768    70
608    939
700    50
210    708
756    176
216    655
508    200
207    143
776    21
487    272
749    216
771    949
472    132
682    11
758    527
661    647
655    1378
823    81
677    1245
65    1
625    208
477    846
13    264
663    330
796    5
804    1488
795    797
749    134
7    474
642    83
783    876
432    284
472    323
53    50
537    709
757    58
393    550
308    434
741    88
263    258
380    222
497    181
545    550
454    724
757    549
659    7
653    455
766    646
312    499
695    270
790    229
650    212
733    237
745    515
250    98
521    159
561    705
301    685
487    144
450    254
450    210
532    218
308    1065
119    277
770    919
64    89
682    64
592    289
804    121
397    498
814    100
658    181
637    936
749    826
815    183
756    930
545    174
768    50
833    340
666    525
416    315
373    12
749    501
212    631
747    492
244    708
161    69
796    4
699    13
816    309
717    751
605    496
783    333
435    578
733    146
363    328
543    303
659    606
667    482
716    176
697    107
393    922
807    576
593    164
654    1020
689    109
488    358
608    1101
128    869
532    181
764    496
699    597
472    172
370    134
236    505
630    409
763    879
749    173
630    50
453    132
541    843
506    46
622    277
798    687
740    288
643    715
416    411
746    523
642    1049
549    620
823    97
471    878
518    276
801    307
805    200
551    751
22    430
369    751
476    4
776    648
435    411
524    393
840    517
786    318
49    8
716    956
749    843
800    118
634    628
713    689
178    66
309    690
829    268
59    133
828    171
639    59
798    748
653    511
787    311
399    276
564    50
109    54
593    739
567    173
682    568
704    480
616    328
271    210
450    1163
833    187
642    378
805    238
804    205
778    262
606    100
634    1
118    844
807    143
788    483
579    186
450    794
308    365
745    100
201    144
468    192
371    77
99    780
450    568
826    241
795    8
739    1429
647    22
338    269
308    141
82    496
664    154
393    1049
458    20
719    282
739    526
296    315
59    228
682    125
270    475
354    306
715    27
18    963
694    468
516    194
313    125
567    12
848    294
663    473
717    475
837    220
666    248
223    984
846    60
325    134
711    402
363    89
83    243
786    216
807    265
567    640
560    1073
450    633
588    79
553    23
653    233
540    222
766    211
109    431
457    582
833    205
758    191
540    293
682    173
216    50
553    519
708    1061
778    195
504    1046
682    724
152    740
673    272
835    628
435    28
182    48
339    404
13    197
43    222
77    96
694    1035
847    826
618    815
796    121
730    117
370    52
682    17
654    275
551    763
758    26
87    808
839    244
650    1060
650    1039
490    410
367    164
749    659
545    234
552    815
738    71
854    475
601    69
573    507
807    450
655    813
697    473
197    4
606    685
293    275
710    187
200    94
708    866
560    845
826    182
840    1266
746    50
417    1090
817    358
655    371
806    157
665    293
787    307
709    568
757    144
747    1204
642    383
376    357
788    744
851    272
807    495
826    161
813    538
292    50
332    356
536    404
373    433
689    121
851    255
722    678
582    475
707    647
567    474
244    1150
437    432
14    173
618    526
725    100
850    490
778    209
378    435
435    926
749    231
201    46
592    252
627    70
496    469
389    88
682    772
551    92
393    1016
246    724
709    127
561    215
807    612
839    276
514    13
650    502
711    420
682    566
823    659
694    584
763    98
298    820
551    779
544    331
748    357
854    1014
825    832
292    197
735    327
817    147
785    301
605    153
21    975
758    1025
42    1046
784    286
427    328
112    245
308    653
585    740
712    781
815    31
655    882
482    881
512    273
655    512
697    181
632    684
867    23
654    1
610    210
334    1226
506    168
767    506
523    1014
788    121
239    205
690    168
840    98
504    773
320    240
766    431
828    1073
843    205
597    24
642    765
233    121
707    224
393    139
497    97
416    509
848    207
653    380
854    79
562    144
783    345
850    566
541    38
221    651
847    434
18    603
141    255
661    215
862    357
325    523
565    462
606    196
453    196
821    174
714    763
579    204
643    50
718    982
684    151
201    93
766    507
429    203
862    288
666    432
864    208
860    283
794    847
624    268
798    71
13    748
234    378
803    887
712    243
877    382
682    455
523    508
786    283
846    33
450    3
747    596
565    165
576    125
779    243
661    300
117    11
207    11
168    1
234    647
727    178
862    168
791    269
749    465
450    717
823    71
878    283
796    218
707    488
629    328
782    297
833    203
643    129
747    50
545    405
527    511
792    282
362    313
844    553
257    921
551    1059
481    479
237    174
262    496
787    690
474    430
372    678
417    246
411    9
445    79
695    242
448    319
429    470
409    428
63    79
848    196
374    628
854    117
846    622
724    272
41    56
119    125
374    789
847    1050
805    648
257    113
189    418
378    167
271    707
697    286
303    588
90    1203
833    211
591    923
709    210
280    750
711    255
795    181
753    215
533    203
812    326
867    956
832    245
843    515
862    214
711    168
522    492
556    178
295    83
768    354
574    316
453    550
804    56
378    606
727    434
299    207
738    650
835    673
577    82
774    68
487    596
457    62
751    434
861    714
164    825
870    134
615    638
463    880
880    841
807    751
336    959
85    697
642    1066
823    240
187    241
642    1030
711    676
330    225
721    303
811    690
141    1023
620    706
450    704
244    114
618    118
848    423
715    546
807    71
733    137
617    615
788    58
541    526
581    276
846    86
868    89
531    300
145    821
320    1047
389    82
862    181
843    193
692    328
308    200
299    435
637    275
805    550
796    2
425    355
561    286
216    747
749    1051
378    14
222    455
207    692
833    518
201    268
763    961
303    73
747    71
538    4
796    873
414    748
495    94
405    47
870    48
92    408
643    566
665    432
59    151
648    484
665    423
676    22
643    505
846    708
788    271
827    272
566    170
830    50
717    597
397    318
749    571
851    290
48    215
838    179
334    73
768    628
435    928
889    654
621    686
551    71
807    380
532    520
450    505
399    1396
615    216
257    61
773    217
766    1126
805    167
328    720
527    603
828    286
567    246
630    310
880    228
251    535
178    246
643    114
893    56
838    96
727    174
269    135
854    223
798    173
741    673
868    109
893    147
286    931
354    83
796    198
752    306
881    1046
27    288
439    276
412    684
686    451
543    233
883    561
796    9
145    227
577    79
468    471
481    322
679    268
334    950
642    1000
763    157
646    893
881    183
634    1047
681    690
113    325
313    172
363    315
486    1322
401    604
738    214
757    156
747    480
43    70
248    172
592    1010
893    426
845    272
410    354
510    322
883    53
386    597
450    133
666    89
768    966
806    162
846    837
630    687
666    1021
749    197
450    618
279    373
682    25
659    98
363    429
271    690
622    482
717    678
807    678
271    480
588    82
890    340
704    175
710    874
881    281
747    268
826    232
880    879
747    508
334    225
70    684
653    179
399    144
623    210
545    98
760    1037
757    432
577    1517
388    302
503    277
867    498
416    38
371    449
42    941
896    136
741    478
592    333
398    178
642    141
13    902
428    294
831    174
363    735
519    350
804    511
493    24
664    56
391    215
568    479
604    218
493    154
894    752
174    1091
230    161
177    1110
882    1015
833    665
758    109
823    1135
706    471
846    229
704    603
868    1028
846    1540
826    101
659    490
715    405
854    333
798    862
537    149
627    68
553    480
535    223
293    429
792    696
699    98
763    56
738    474
201    733
4    324
621    395
872    932
402    116
705    225
645    65
862    11
807    374
758    452
778    180
752    1294
601    455
782    1588
621    161
263    28
251    845
748    56
758    567
524    1421
835    179
840    210
60    484
690    546
849    588
694    88
188    510
453    402
327    174
701    689
387    435
703    25
823    159
831    328
828    52
758    414
613    1315
354    168
610    318
495    179
876    178
916    467
486    1609
821    1
566    387
301    128
479    8
699    21
870    92
456    1020
839    285
663    919
903    182
168    118
514    176
276    508
881    291
279    1088
721    938
548    742
871    302
885    70
846    22
716    514
846    64
757    385
441    313
698    176
870    1134
757    68
643    516
627    123
32    7
864    7
593    763
449    288
892    578
705    29
864    720
221    150
911    168
875    176
143    307
712    969
660    307
871    883
815    7
13    62
810    304
70    451
271    692
796    597
654    742
253    234
648    23
312    222
825    307
222    117
886    161
921    24
846    289
886    318
786    724
665    411
305    176
807    404
840    180
716    88
6    9
194    177
735    7
875    173
512    183
854    220
299    384
694    660
299    603
645    212
545    328
804    4
216    276
222    1439
537    750
244    845
897    473
919    257
908    55
506    482
184    317
642    102
524    70
886    1073
435    496
901    8
886    483
543    2
829    275
810    321
712    585
861    736
881    385
902    327
892    230
405    571
861    1148
682    433
892    89
650    578
757    939
671    234
437    425
176    293
832    294
867    650
267    1028
90    505
804    226
699    322
593    744
721    260
886    129
508    179
642    651
796    1285
540    9
534    1052
712    560
7    463
312    97
758    234
330    318
618    699
25    408
711    69
497    4
267    293
885    95
463    25
850    174
903    204
504    418
750    245
891    934
932    7
416    447
499    257
527    185
592    467
223    71
455    121
541    405
870    209
338    497
587    918
795    1555
610    9
43    208
804    984
908    701
847    732
664    159
807    415
846    552
466    17
450    188
624    455
704    611
716    792
272    194
878    82
886    67
708    926
667    86
896    132
138    1
889    399
606    585
918    1200
154    200
759    257
892    102
370    302
690    1041
59    1112
450    662
705    403
733    1115
442    153
35    300
738    206
721    873
339    343
504    1147
846    679
497    210
682    299
815    50
327    246
927    24
119    204
747    313
524    570
932    176
59    603
715    274
331    22
942    117
721    172
256    50
817    546
886    789
825    117
479    509
789    1
429    65
433    286
650    419
235    429
865    91
551    294
937    9
486    304
125    205
301    205
709    859
826    570
409    61
886    76
499    527
472    432
428    315
798    623
315    164
747    615
474    96
765    137
823    182
503    694
285    64
870    494
880    722
622    484
116    246
354    222
31    1022
59    524
276    385
541    659
648    234
796    692
716    418
6    531
892    732
823    1267
393    1076
850    584
592    23
446    245
833    7
882    243
592    382
680    269
667    98
601    436
932    614
336    1
650    218
834    255
344    1048
759    937
929    517
893    1
321    704
389    1168
749    223
814    56
395    286
882    235
919    270
851    685
835    735
305    475
808    313
914    387
158    651
758    144
508    710
653    307
943    232
577    568
399    419
863    682
666    175
901    168
177    748
901    498
334    246
889    240
748    180
347    282
482    245
935    846
747    625
625    484
694    1020
419    191
355    1233
936    285
474    186
568    79
929    134
889    475
592    87
102    447
222    188
766    183
11    83
790    274
883    172
758    751
885    949
939    106
942    323
793    597
158    978
436    423
493    358
551    34
870    443
295    951
367    268
560    301
627    228
889    64
346    79
542    202
644    298
530    255
932    1397
11    28
850    494
881    443
716    1020
648    295
610    750
757    91
805    742
908    181
883    270
765    14
826    373
392    510
844    56
522    135
491    116
727    62
389    134
920    331
632    227
472    366
880    1423
44    157
688    349
841    300
889    94
592    1356
883    589
838    405
940    172
882    932
666    46
727    1249
736    293
435    91
875    181
851    331
862    141
846    499
927    15
711    134
641    338
846    530
639    519
435    203
889    70
840    606
921    181
325    469
907    287
851    696
435    919
682    627
506    945
883    707
796    258
721    8
934    195
423    620
645    558
627    792
796    97
788    282
921    692
735    242
883    566
593    237
719    69
896    1406
843    141
640    827
693    12
804    514
68    127
798    768
712    69
899    428
655    1160
836    170
686    214
708    476
880    90
654    8
244    171
344    529
565    707
77    527
799    319
742    475
892    648
708    347
798    705
18    137
13    326
741    134
548    55
635    328
756    742
892    203
716    659
59    30
721    145
899    463
643    385
749    100
85    1018
326    611
314    827
724    307
936    281
823    193
95    215
91    1192
533    1048
650    121
525    100
28    5
805    28
919    7
84    282
269    639
689    150
922    151
682    148
514    88
589    333
1    240
13    917
554    202
303    1335
134    294
627    735
246    257
299    1068
862    480
537    641
719    423
919    508
655    511
28    96
764    946
397    480
737    196
885    97
313    742
693    977
844    1039
890    204
887    934
102    449
707    696
543    1174
901    476
514    185
815    432
708    508
819    315
389    946
771    216
384    879
802    218
551    673
537    185
833    195
23    1004
705    655
454    312
707    1141
435    401
643    127
903    118
799    173
486    1137
388    98
29    180
757    969
621    68
897    679
334    142
790    226
846    715
653    227
889    137
222    596
674    1620
65    1041
943    12
693    177
663    815
927    7
669    647
858    269
804    144
919    418
226    370
524    126
521    108
311    222
455    124
158    208
298    845
450    102
70    343
529    332
676    174
561    210
542    196
417    993
413    460
151    436
590    1014
649    471
185    50
936    313
66    282
776    708
303    333
789    284
919    221
276    55
913    202
790    825
874    150
447    228
756    89
592    514
539    204
177    127
472    150
588    222
119    1265
818    690
645    318
711    42
700    423
344    588
828    381
420    190
923    689
671    566
716    615
160    11
915    270
345    248
790    246
852    260
886    54
485    346
64    174
706    148
880    185
683    305
864    466
727    421
712    462
931    310
690    402
761    15
748    498
655    381
934    229
940    170
768    16
619    562
836    192
862    56
804    732
697    7
532    204
916    143
863    346
867    150
551    67
779    1028
312    638
796    794
543    62
682    801
932    1573
835    185
339    293
763    234
713    269
602    117
693    258
259    293
669    531
931    275
474    127
763    25
276    303
321    435
758    331
840    512
561    524
679    727
937    515
607    887
790    431
466    173
899    471
857    116
706    273
796    484
336    585
486    1176
773    61
665    188
712    401
786    237
936    249
838    12
394    69
804    173
156    157
880    88
766    402
870    192
937    297
825    235
207    73
751    179
267    233
788    79
907    729
838    408
627    1478
880    719
173    301
630    357
707    4
663    276
693    591
499    429
671    181
894    753
921    651
695    268
355    682
847    211
588    755
215    208
624    293
655    6
766    747
198    71
259    294
537    286
634    515
453    750
911    203
605    215
438    281
903    649
796    483
84    70
870    385
327    305
845    346
697    127
600    182
761    275
694    657
800    751
324    286
682    183
453    273
807    96
655    1380
542    952
560    249
899    385
758    968
287    222
479    273
771    768
374    443
559    661
738    408
558    275
746    281
532    352
150    123
554    15
880    124
716    222
898    242
70    91
43    845
628    258
790    50
646    908
487    67
801    354
896    230
253    699
239    12
660    1
457    956
121    50
727    227
330    989
743    302
193    182
872    925
889    435
677    243
539    306
44    625
391    187
682    820
500    16
153    568
463    1009
542    181
630    535
676    750
643    159
754    237
734    487
883    1115
707    638
749    740
883    89
805    806
215    54
737    474
332    769
458    845
703    123
889    734
14    654
738    659
721    678
567    527
862    173
524    708
295    461
925    299
387    175
668    50
625    751
231    866
708    546
891    1028
627    665
43    4
724    893
740    302
870    949
426    143
154    187
826    1222
699    288
128    186
846    1004
422    859
622    98
551    1044
943    1074
499    143
59    434
682    196
297    144
412    939
796    307
295    546
638    385
540    333
688    307
92    685
885    88
328    983
168    546
711    655
758    38
892    50
537    513
906    7
895    13
699    10
846    1066
428    352
828    1466
59    519
798    378
867    186
918    443
693    742
297    357
586    3
807    257
883    703
474    608
393    121
456    547
709    7
864    789
883    4
711    181
714    410
659    603
715    88
913    269
901    257
643    845
315    4
279    971
934    174
416    477
393    395
436    167
749    527
886    518
760    451
843    550
870    239
555    111
372    872
134    508
602    294
894    904
491    654
870    715
666    188
561    153
417    163
937    126
883    553
608    83
737    154
767    724
591    956
489    323
550    222
486    9
788    684
213    7
94    411
846    91
393    627
907    409
796    69
415    483
691    318
924    286
838    228
505    183
392    517
705    1035
714    111
794    181
860    381
616    326
922    174
457    145
70    1145
810    300
786    202
763    702
643    68
885    318
701    313
916    182
932    144
134    678
887    176
399    176
749    705
615    514
890    168
745    202
624    316
135    581
844    89
700    174
943    73
868    208
280    68
454    238
768    313
189    199
707    279
864    209
567    248
643    128
318    898
910    125
440    324
796    785
916    246
593    405
497    53
655    313
279    946
697    456
785    288
877    340
547    302
437    1006
899    79
235    463
868    59
775    900
705    1544
744    301
324    873
2    272
940    310
650    658
734    496
472    423
484    415
697    246
871    1024
835    183
846    4
13    132
862    977
486    288
893    240
5    412
878    165
767    170
827    302
854    735
715    2
659    1267
896    471
844    184
874    14
655    317
661    280
650    417
936    93
931    690
742    100
610    755
504    282
546    816
943    27
708    121
798    82
773    428
796    194
717    1282
843    661
666    172
606    827
707    732
748    483
668    288
450    485
935    924
684    215
521    249
707    703
373    632
711    416
222    265
642    932
608    306
807    234
913    156
804    322
741    582
308    179
943    423
709    541
610    98
655    121
804    91
523    67
889    1073
567    490
487    98
588    326
910    257
659    86
305    462
795    189
534    717
200    204
777    509
92    708
924    211
717    269
613    50
904    278
532    12
527    179
755    880
892    1224
796    298
880    1664
1    124
327    228
786    195
458    56
738    228
429    1220
749    58
506    657
928    878
645    496
758    228
896    22
747    187
804    176
630    125
758    241
916    9
907    696
188    356
322    9
889    171
551    64
298    742
852    274
796    586
399    560
733    283
620    676
225    482
201    29
416    924
936    9
913    173
682    395
870    959
806    222
897    840
796    293
804    199
848    214
893    849
868    90
629    288
450    1249
128    462
864    317
758    355
868    187
57    195
341    908
476    780
894    258
617    234
339    1240
602    259
934    605
641    657
585    855
95    855
871    794
271    178
790    250
936    268
457    210
747    462
796    250
130    820
450    1197
825    687
821    121
285    185
169    606
486    289
883    748
339    504
802    681
533    393
378    225
916    56
535    709
628    332
537    732
279    2
940    9
391    177
483    510
455    716
495    491
561    462
766    181
891    286
773    187
424    990
610    133
152    367
715    462
796    39
807    82
934    97
674    866
854    246
664    98
643    186
802    185
894    919
862    172
661    631
929    182
622    1016
899    197
880    742
718    744
5    163
149    313
864    136
786    280
786    1044
934    67
534    129
804    1050
274    1060
455    28
531    311
871    1388
128    553
682    226
934    855
712    195
465    135
429    637
504    846
833    684
889    1231
904    736
916    961
279    759
894    1073
819    70
450    213
585    60
503    98
545    172
693    939
43    144
10    70
130    1157
893    77
655    995
344    530
878    371
788    1303
838    274
503    100
630    864
924    408
393    80
392    495
499    55
642    771
500    1135
831    28
938    472
845    310
894    12
387    530
291    402
77    192
833    100
715    588
545    720
783    343
71    302
500    134
189    1404
634    290
845    302
729    272
622    80
870    327
805    1101
825    928
781    195
301    636
349    285
586    284
474    504
840    659
835    69
201    549
608    505
581    1097
830    176
487    274
666    511
14    186
913    747
200    930
748    210
798    258
769    411
808    332
805    58
879    866
863    328
532    815
903    48
790    83
709    472
486    919
25    527
843    206
801    328
887    828
798    121
559    863
790    237
28    567
940    521
653    1139
268    172
256    216
78    476
751    385
896    121
916    70
919    140
551    380
756    195
453    56
666    66
655    237
846    208
315    741
814    672
627    9
580    282
748    318
92    402
608    127
277    1008
469    152
712    415
882    748
339    211
782    1082
844    173
851    880
877    207
489    895
828    1068
437    15
887    443
774    12
622    1216
937    14
804    582
889    631
729    310
13    445
773    357
840    195
942    1050
850    196
113    300
834    316
618    133
462    873
457    528
890    234
132    100
334    527
505    173
828    24
897    423
407    151
236    333
13    549
374    806
886    1019
878    191
847    220
681    289
327    749
773    168
629    86
686    2
416    869
378    470
933    218
533    580
422    295
943    161
84    756
13    811
943    23
666    81
871    195
308    172
751    196
505    207
15    938
864    663
385    1535
680    14
85    474
907    647
786    546
707    483
216    65
393    748
802    134
881    192
304    879
815    195
437    1142
647    77
667    268
394    12
647    177
239    509
880    568
551    9
731    64
864    9
354    8
113    742
860    220
475    269
84    815
332    385
871    1431
498    269
256    274
833    234
378    473
543    200
759    748
834    307
387    588
378    64
99    789
889    31
378    1092
923    291
943    98
144    72
804    1139
326    202
912    15
551    162
839    255
697    546
844    255
682    28
524    302
916    561
556    286
843    50
603    210
308    504
850    50
798    420
862    521
523    694
18    212
666    811
267    1240
828    1062
827    269
788    655
889    54
892    636
234    1449
790    1188
889    177
887    240
886    449
597    275
889    91
472    265
795    820
939    220
899    202
505    11
826    1240
31    611
671    288
497    541
879    255
777    238
754    293
833    135
748    168
911    507
901    155
887    1029
286    235
268    1110
176    1097
894    148
847    447
933    211
903    642
474    663
758    216
13    176
756    22
747    288
804    393
796    391
619    121
731    125
406    506
59    526
620    94
848    108
822    91
854    652
933    467
886    94
786    198
524    651
830    625
723    168
864    5
498    430
740    340
871    300
449    515
899    423
673    321
303    77
770    117
513    210
913    418
903    196
268    185
797    309
73    285
922    176
756    8
889    69
916    428
887    202
923    168
878    168
647    300
727    609
796    63
867    286
347    4
846    176
795    201
663    895
682    159
927    422
805    346
503    172
413    283
907    144
608    79
624    302
912    443
783    286
626    302
880    655
436    693
391    652
659    489
655    318
5    233
839    117
894    754
921    328
597    742
263    378
577    823
838    204
330    64
843    690
39    288
864    660
892    401
624    298
320    470
919    237
848    661
815    9
110    1228
796    318
694    205
897    1051
642    419
705    755
697    287
807    1078
84    408
484    233
795    12
846    699
144    527
942    1204
726    409
379    403
572    286
269    371
688    877
913    184
765    847
844    432
82    118
894    879
880    174
465    845
932    659
747    286
429    173
110    651
553    1194
922    747
43    580
540    1011
211    117
83    151
861    740
907    689
393    1409
860    516
887    125
795    716
867    51
533    117
899    663
548    291
745    14
498    251
393    310
936    1190
791    306
831    479
475    327
779    304
840    204
880    200
932    30
650    132
923    264
476    940
717    147
815    523
537    200
796    988
807    68
64    389
234    176
694    605
66    9
393    833
96    234
655    1176
913    317
907    294
415    684
905    100
566    135
823    234
942    315
545    233
822    751
877    557
610    378
280    451
887    164
882    95
883    1065
762    421
786    179
63    283
301    820
809    340
880    56
586    679
608    611
194    604
312    836
442    313
851    22
936    248
429    121
668    302
295    11
870    188
927    395
833    806
663    265
680    143
87    1118
527    175
689    181
880    357
347    237
666    696
872    405
708    1054
891    1278
851    751
841    689
763    527
694    202
622    578
927    625
880    210
265    294
798    482
823    4
928    288
596    328
840    607
343    258
708    281
883    88
175    136
710    156
595    127
886    176
927    95
776    23
679    42
562    483
882    510
831    210
851    159
673    326
710    92
727    226
804    2
57    168
932    1126
728    471
682    468
532    298
805    433
679    83
495    582
796    200
887    588
699    333
18    50
735    13
927    403
880    1496
415    174
938    762
930    113
508    163
594    292
943    218
907    1163
788    810
846    561
717    7
653    1
807    132
899    732
927    588
545    218
746    506
128    28
659    82
393    790
221    550
890    385
436    507
833    226
851    925
804    647
934    492
711    186
332    1210
440    258
892    1035
372    234
457    423
833    433
567    507
737    171
151    301
768    127
862    655
890    501
303    155
660    210
747    70
916    290
903    61
472    105
854    297
825    148
871    262
743    258
667    475
846    1297
716    515
535    608
343    222
894    171
276    1019
653    183
467    222
722    25
673    895
923    280
526    181
385    240
903    198
184    480
546    343
622    9
395    300
394    403
942    528
829    86
892    357
870    793
659    512
872    845
731    694
546    219
350    190
710    179
514    100
476    433
398    633
843    650
49    283
666    294
919    129
779    879
890    357
827    300
303    412
815    521
645    182
886    100
731    655
875    213
608    268
753    313
848    186
534    985
49    702
90    137
823    202
844    2
804    290
883    435
524    488
582    100
692    257
844    174
749    568
875    518
903    721
659    514
457    169
907    699
898    1296
78    411
851    483
855    509
16    127
649    257
275    174
939    285
885    167
577    98
908    216
378    803
851    591
401    211
44    173
846    478
815    143
782    1620
751    537
848    174
621    142
542    509
777    180
769    1
5    210
521    526
201    284
391    378
379    345
535    192
327    176
854    479
615    238
896    173
775    347
303    71
456    33
896    320
398    478
880    550
587    305
130    219
105    880
886    188
399    11
606    404
807    168
843    154
639    86
788    523
897    243
373    328
831    294
373    125
934    316
592    886
828    316
752    589
497    391
151    922
44    151
553    487
378    443
938    275
158    285
870    127
566    385
606    79
896    7
504    449
916    183
537    224
722    845
587    302
389    196
919    988
886    153
326    428
869    100
874    182
374    241
932    155
472    581
895    1014
919    99
850    435
880    461
576    1
767    432
715    22
906    300
6    182
668    340
598    260
835    1045
892    755
405    658
650    504
94    631
793    50
851    9
798    1003
458    52
879    304
919    331
167    641
934    495
798    1035
528    202
848    421
869    127
793    122
506    489
882    147
709    98
747    231
406    95
116    690
607    174
886    710
709    833
486    307
653    118
916    150
940    98
916    159
395    318
806    302
416    420
897    501
894    116
664    496
839    235
694    385
244    188
896    393
435    406
886    101
880    473
305    650
371    496
655    1044
363    25
942    316
878    127
545    139
543    9
567    39
854    19
328    300
846    569
180    735
907    1220
707    865
665    313
1    111
911    211
498    180
620    627
417    141
474    729
843    89
898    271
805    65
150    291
826    720
943    614
301    721
416    387
924    288
106    70
716    283
855    59
868    732
382    1268
269    697
24    1007
721    125
814    288
23    642
913    228
664    522
747    94
878    1149
58    223
927    168
653    198
892    378
842    749
653    318
902    191
620    50
840    187
899    66
468    5
733    762
345    318
393    1197
592    198
862    99
870    246
30    69
942    272
348    369
271    427
577    1147
698    132
864    403
271    176
617    1187
744    174
567    59
867    182
413    321
70    1
296    514
939    283
886    399
921    763
618    233
943    824
646    259
649    127
852    121
936    815
350    1039
451    873
896    482
894    113
223    28
911    209
277    1012
724    294
913    346
924    318
897    118
897    496
916    746
910    98
642    926
620    420
781    56
678    14
758    509
18    83
495    9
328    56
495    1263
921    151
247    181
561    1021
632    210
877    241
847    578
704    210
306    289
708    819
936    24
432    313
862    135
907    173
753    173
655    944
460    9
894    990
62    285
653    172
889    493
711    582
940    1167
591    712
34    898
658    530
922    380
877    692
22    174
519    268
823    1067
916    652
806    553
843    385
420    286
821    389
247    258
426    641
26    515
929    56
916    237
747    47
698    498
456    1421
880    109
389    209
622    226
907    1016
178    269
772    328
401    88
621    82
605    333
466    679
688    879
795    50
891    118
72    106
751    739
647    202
766    968
638    226
936    221
932    165
721    876
776    657
527    318
894    93
766    530
911    443
896    402
506    12
660    257
430    303
661    471
680    151
457    208
827    938
924    427
330    468
496    206
823    42
781    134
790    203
880    384
758    61
678    300
572    813
788    528
25    177
758    419
766    132
634    225
308    1118
751    99
529    260
889    83
670    419
663    984
778    405
851    310
529    300
853    880
506    455
378    82
85    663
299    510
746    174
877    463
429    583
846    99
551    33
592    591
695    302
825    1051
679    751
727    147
815    659
851    597
224    526
885    188
657    508
474    126
885    111
776    679
935    282
795    1
828    288
886    959
889    258
938    597
655    93
818    258
887    378
648    527
918    196
654    12
596    50
642    928
916    125
880    81
758    66
532    864
903    684
780    4
583    195
542    22
799    321
932    205
194    199
407    219
683    354
864    235
860    321
916    971
936    121
684    83
922    204
141    1040
738    211
933    50
598    300
256    829
742    284
932    189
892    70
882    121
267    1035
757    1
835    135
790    582
838    69
880    127
834    300
916    161
112    315
805    169
830    88
838    255
889    3
787    351
45    24
894    30
642    172
250    469
514    199
22    731
846    463
840    463
838    487
299    354
555    13
562    148
896    129
179    347
929    28
886    214
926    272
586    232
883    265
162    294
918    82
784    268
554    276
823    127
650    614
772    294
862    633
764    939
938    258
560    197
907    475
881    712
933    435
899    1
908    7
846    661
880    1012
700    651
786    419
178    173
711    378
711    729
291    293
34    899
267    576
880    467
665    248
796    125
709    597
658    171
896    710
834    886
574    305
232    44
878    1100
867    188
883    517
432    475
846    768
195    109
276    541
275    228
484    172
927    761
826    190
488    321
497    249
731    215
410    352
777    212
435    559
463    690
916    583
327    66
644    125
896    966
407    408
669    64
634    760
716    367
825    932
463    1216
264    517
561    514
916    121
833    1427
911    514
886    833
942    480
907    1028
897    826
151    202
538    50
936    1160
896    461
23    176
846    787
833    447
497    177
705    181
345    815
871    11
846    581
650    162
916    693
934    972
334    14
136    258
872    871
624    326
844    172
666    208
286    215
903    211
276    161
907    496
771    652
912    192
377    294
450    628
416    124
592    185
937    100
116    596
665    301
561    133
882    420
617    427
535    1098
751    202
286    345
500    1069
889    159
466    403
514    114
896    559
798    105
338    478
892    601
913    478
44    633
62    191
938    286
423    292
883    151
788    65
651    332
923    742
537    208
712    95
420    690
655    57
655    865
409    326
851    286
889    265
627    435
880    33
855    582
535    50
49    1073
708    222
701    751
768    100
804    926
923    50
774    265
901    294
584    181
807    186
883    47
624    750
303    427
889    1428
882    288
908    127
864    1284
450    22
889    833
903    357
63    181
655    1011
58    7
618    135
332    820
881    139
500    371
938    290
294    520
267    195
846    729
896    1208
867    134
325    386
883    190
716    627
927    63
921    147
938    411
292    165
919    813
814    184
655    961
880    98
592    501
651    322
916    739
882    969
495    154
854    509
536    88
894    1153
546    271
757    433
39    319
456    129
908    12
645    428
850    132
77    222
175    187
683    607
936    864
164    690
606    154
907    258
177    204
927    118
796    649
691    227
741    210
234    1185
880    218
378    38
669    97
357    826
846    510
721    1393
650    131
841    322
901    94
684    210
745    10
542    72
911    655
648    441
624    866
907    710
354    936
429    194
620    560
886    943
682    42
703    1012
940    137
7    639
894    1592
688    749
849    406
646    288
847    204
883    81
416    111
921    136
817    273
743    286
930    690
533    293
43    254
567    705
409    632
514    153
621    926
488    162
735    300
286    800
373    168
474    509
804    763
627    241
805    1157
681    538
523    56
551    660
534    118
924    429
398    8
270    56
198    684
397    522
916    402
706    323
682    692
394    393
757    455
913    186
536    432
892    1
862    252
718    257
738    98
880    591
638    175
495    578
802    440
821    459
545    326
896    386
629    241
889    427
864    781
883    22
535    190
889    297
811    678
916    203
142    134
847    705
606    184
659    162
766    385
6    490
752    683
907    553
894    628
916    3
551    475
889    125
417    191
514    432
178    118
223    173
932    185
860    70
936    825
429    778
940    420
846    526
620    7
838    584
559    347
669    474
807    228
798    132
38    447
250    144
862    197
919    69
911    480
880    239
925    324
897    273
782    886
827    343
524    226
222    762
622    501
721    266
451    990
939    546
489    898
496    661
712    90
715    206
94    559
286    240
682    944
525    713
871    752
551    245
933    22
913    189
458    64
925    567
896    257
472    549
846    142
483    676
782    255
943    50
934    650
599    546
875    45
581    137
715    17
845    242
586    67
865    408
933    183
757    95
934    86
919    1197
871    566
606    185
846    386
938    926
841    888
555    235
621    585
96    423
403    282
936    988
192    287
693    134
666    192
896    288
308    530
463    269
790    403
585    313
628    301
537    303
711    549
82    660
130    444
721    1026
892    511
932    1456
788    159
918    1172
787    345
793    742
608    287
177    160
892    300
338    990
279    7
642    257
130    1278
749    433
330    496
788    192
842    902
601    208
625    732
184    95
527    9
830    151
727    447
901    429
770    111
901    1035
656    340
919    277
640    1010
504    248
932    399
798    699
829    845
303    634
653    182
806    96
429    472
537    462
757    638
435    201
936    1315
798    83
875    480
474    59
808    327
937    283
682    1311
844    125
181    815
758    270
924    181
619    182
864    183
559    167
545    692
936    7
243    246
669    7
232    286
682    33
884    510
305    566
788    294
429    129
751    660
537    604
780    427
534    508
826    4
903    369
910    183
332    619
758    315
745    603
597    748
871    305
776    427
298    679
870    654
889    193
448    270
115    558
650    23
44    198
916    123
383    213
704    633
846    80
798    2
889    483
882    4
838    50
561    664
819    744
854    945
753    172
416    1133
886    183
817    121
683    683
850    385
396    151
594    127
323    535
847    133
773    751
682    176
908    300
632    176
593    126
919    272
790    597
398    367
174    1313
497    50
883    345
871    161
807    258
70    172
605    64
738    755
858    515
435    763
912    616
779    50
455    523
940    354
766    584
455    117
283    71
501    628
747    178
899    133
892    692
908    631
387    847
82    22
796    58
509    705
843    83
16    367
853    682
928    191
639    1101
913    181
774    219
655    1637
682    85
515    332
537    492
890    190
22    792
767    177
468    237
474    381
822    95
889    741
883    745
807    431
629    876
826    62
864    153
116    269
934    507
870    523
358    1396
884    1073
710    127
474    190
293    502
663    182
387    1198
22    68
804    436
913    462
838    283
802    670
648    39
919    1258
716    487
454    748
251    597
659    255
894    318
487    1209
456    1129
527    144
468    64
923    829
606    178
804    1177
607    56
293    28
798    827
557    1176
919    292
870    724
450    388
885    216
542    386
942    259
747    865
221    633
932    197
608    93
831    690
189    180
13    432
806    81
113    979
848    72
354    283
929    479
122    699
524    430
223    546
554    1041
484    468
468    9
871    276
833    344
748    96
294    342
168    1051
398    1
868    211
89    402
577    1046
543    947
926    237
668    896
776    217
89    107
608    92
802    333
57    121
501    245
346    693
618    15
429    1018
894    750
497    763
109    180
806    100
928    9
465    408
798    924
901    15
887    98
806    170
782    351
800    1
388    53
715    143
840    480
939    471
862    205
378    441
860    732
303    939
804    233
938    993
921    25
848    216
707    864
383    200
619    578
867    748
358    1005
798    659
895    100
593    1
537    778
650    479
487    291
676    538
