196    242
303    785
50    246
276    564
59    196
60    427
127    229
95    625
32    294
198    498
94    789
82    135
13    272
10    486
19    4
99    79
130    379
13    360
148    408
269    127
178    568
250    7
214    334
85    507
123    427
201    767
244    673
128    204
82    183
267    410
59    951
207    258
43    323
272    12
13    186
297    716
59    715
201    649
286    288
1    20
115    1067
290    50
62    712
224    77
234    187
198    58
305    71
130    642
308    81
56    546
118    200
62    1016
13    809
234    1462
92    794
48    609
165    216
279    586
94    1220
234    10
201    1100
222    796
262    28
235    230
77    474
7    648
90    22
94    572
158    1098
21    129
292    589
286    298
21    447
305    512
144    742
160    462
287    926
226    56
17    13
73    206
233    375
239    234
65    125
7    623
70    399
271    65
188    443
230    963
109    97
186    148
49    995
90    945
200    892
286    85
220    333
291    1016
6    23
151    703
234    147
10    488
94    24
256    487
37    403
117    181
244    154
297    432
1    222
279    89
234    228
239    475
239    430
109    1012
131    221
276    568
274    748
104    300
234    1397
13    195
263    1451
314    1150
85    604
70    82
116    250
277    1011
115    8
34    312
193    627
282    327
234    1186
164    685
193    410
101    222
90    245
287    347
299    588
13    66
145    1245
195    300
227    295
293    132
109    588
32    151
194    205
276    773
312    494
239    58
253    510
305    50
221    327
307    1022
289    282
95    172
276    939
101    405
201    660
72    530
276    226
58    100
293    605
30    435
94    168
301    202
297    736
213    294
151    89
74    272
270    97
180    762
13    766
312    121
108    50
296    248
16    471
21    596
207    87
140    268
11    741
286    721
198    135
90    662
158    1011
62    1073
293    288
57    1047
26    25
228    475
54    298
305    61
138    211
7    582
69    300
262    786
294    676
44    120
91    427
221    69
11    190
26    455
268    684
52    1086
26    1016
279    789
303    302
310    536
16    191
313    673
131    750
96    479
25    615
97    50
28    173
113    326
81    824
198    179
224    528
125    1180
151    490
92    79
320    294
207    827
235    647
96    153
276    843
56    215
50    253
267    423
124    50
268    721
280    38
70    584
286    689
154    302
255    859
119    213
292    86
292    276
207    410
10    489
307    258
221    508
307    1411
207    98
291    77
117    405
198    651
130    815
279    1492
65    56
59    702
106    703
77    125
16    504
299    1322
249    79
56    230
151    481
6    532
318    648
95    395
145    172
85    517
270    327
13    226
261    117
311    213
94    235
250    2
268    68
94    45
307    1110
286    158
237    100
111    887
271    50
264    475
330    136
179    258
27    742
85    660
74    285
87    135
232    1
89    732
158    271
210    96
7    621
293    156
145    250
267    546
164    597
150    1
198    549
201    475
275    183
185    528
328    742
59    549
293    705
92    134
94    467
280    227
92    756
90    354
332    975
184    559
32    591
83    216
163    288
53    845
328    754
305    216
5    267
57    744
292    132
14    111
181    369
76    276
98    655
162    1047
222    939
90    11
126    878
256    756
230    402
269    168
308    579
301    25
325    430
216    12
244    743
286    269
189    276
259    405
198    427
173    322
56    174
236    686
236    1328
264    659
125    158
81    273
92    672
222    433
269    412
38    384
10    124
288    200
109    230
201    823
198    1117
308    291
183    405
234    584
1    82
1    56
198    156
179    316
295    423
320    291
295    966
328    43
18    602
201    164
306    275
188    357
44    153
49    173
332    284
277    24
279    1413
276    56
305    610
299    176
69    56
212    511
306    319
198    148
279    1484
123    165
80    87
228    288
327    558
201    213
62    421
255    258
189    1021
270    1119
90    357
276    207
63    251
286    164
286    432
164    689
271    13
16    151
13    212
312    134
128    77
145    109
266    508
224    879
95    15
125    1074
92    87
95    33
63    948
5    173
72    382
235    792
280    231
138    100
199    473
311    118
93    845
267    684
179    895
70    151
312    676
13    540
40    258
166    288
246    99
42    404
288    97
216    498
327    451
102    89
87    209
91    195
118    324
161    654
301    410
313    239
222    700
221    32
148    214
255    271
339    856
74    126
274    275
305    1101
13    782
180    83
284    339
221    39
177    87
299    32
12    735
138    98
298    1142
90    132
308    632
21    56
117    338
41    486
151    662
200    831
221    92
296    1073
77    431
339    435
10    155
343    135
347    22
268    154
130    748
284    682
130    148
1    49
156    205
116    259
269    664
308    1019
243    13
314    366
56    1
222    155
60    28
308    526
236    172
250    44
1    72
79    288
10    294
200    7
14    519
89    381
152    167
144    50
97    28
342    288
4    356
141    535
234    507
293    553
296    292
236    134
222    96
262    252
312    639
148    71
13    409
346    582
309    326
303    450
28    100
234    1463
188    628
185    196
3    328
267    1401
72    12
308    826
210    404
275    630
345    48
279    216
114    204
52    116
24    129
234    8
140    289
59    208
21    569
96    100
267    470
244    1178
21    217
11    47
339    475
11    204
77    181
207    313
109    278
305    298
32    246
339    82
221    1035
84    265
314    591
59    126
1    81
260    1025
293    1101
6    205
95    132
49    628
236    478
257    151
321    30
193    268
180    421
340    405
270    441
343    12
59    188
307    427
276    249
144    293
7    423
347    79
295    1459
315    302
151    1065
69    109
144    22
102    183
145    637
308    116
169    181
345    121
118    547
43    501
118    185
299    501
232    22
79    813
60    1126
306    100
236    185
234    601
65    210
79    900
233    418
276    496
293    657
92    660
3    334
270    703
307    169
222    411
303    849
151    425
276    631
334    183
195    469
328    82
94    39
135    566
361    387
320    678
86    872
280    790
348    819
367    1012
276    139
268    269
347    227
178    58
264    1225
91    689
43    423
102    248
276    63
31    498
51    132
10    711
115    462
186    550
271    275
43    289
279    792
276    81
330    44
347    168
184    1232
161    523
249    993
316    1084
312    498
184    1010
298    200
308    515
154    333
15    289
297    864
326    185
151    972
73    28
7    587
130    150
236    15
184    13
200    29
291    1083
177    245
189    847
239    1020
374    1047
107    258
167    1126
210    49
292    1014
119    12
347    609
158    566
156    137
100    691
311    226
311    748
102    403
236    419
346    392
83    28
44    755
241    332
224    86
85    855
14    181
18    276
344    25
195    61
291    101
344    451
64    83
276    265
23    419
347    465
243    28
13    21
43    597
178    178
172    485
40    303
267    384
213    204
237    153
315    46
128    588
244    287
363    71
350    228
85    498
149    305
234    604
60    176
134    258
308    610
378    8
363    55
144    33
299    208
279    175
94    472
158    550
71    56
186    1277
352    182
298    502
373    139
1    218
374    129
204    191
270    800
13    73
135    642
190    294
94    447
374    356
347    268
294    544
213    448
329    124
94    144
328    185
198    217
57    248
94    657
109    520
191    270
336    117
234    727
264    436
18    792
267    1073
25    269
82    281
279    195
194    284
177    276
337    631
279    732
200    313
360    511
279    386
11    722
87    679
312    96
86    1175
10    191
243    582
26    315
69    591
118    23
286    1113
378    289
337    230
314    255
378    274
301    216
268    679
271    170
201    265
385    209
232    56
267    449
84    237
99    237
85    8
232    313
60    186
357    294
378    215
328    234
194    185
57    975
79    301
109    252
113    327
318    501
115    466
311    161
177    403
110    232
262    22
97    97
95    204
222    7
56    746
360    134
90    611
232    96
13    857
373    241
381    647
150    50
310    257
72    265
322    318
264    153
92    11
94    1044
291    28
13    887
303    186
92    581
246    1101
59    202
29    1018
238    1190
378    1180
331    653
363    163
194    471
62    225
387    414
6    499
246    1
3    345
141    225
7    471
87    39
230    8
168    117
318    419
2    308
371    177
183    1217
94    942
290    755
87    229
234    87
267    177
90    1197
380    1449
267    24
246    719
336    239
203    326
201    1039
352    4
301    427
114    182
357    291
49    231
138    150
386    121
109    91
270    551
176    13
214    39
59    611
338    408
13    597
15    274
6    488
291    496
88    301
8    144
234    32
389    249
160    484
222    144
322    92
92    568
167    133
327    203
193    2
392    178
268    91
186    117
187    747
102    663
145    273
151    172
198    318
7    183
180    403
324    1094
99    331
337    371
88    315
60    605
299    936
301    215
42    1044
70    588
295    157
339    479
234    435
200    584
374    880
163    98
303    122
64    64
99    245
80    699
235    523
10    695
340    181
139    127
16    99
253    117
150    93
22    393
393    402
336    742
203    1
378    1044
394    42
178    746
391    527
352    7
276    727
332    249
59    825
320    188
363    658
314    5
13    363
299    509
157    1
279    652
187    86
70    48
219    114
130    669
105    286
398    514
271    58
30    28
186    225
43    98
292    79
357    125
389    607
7    484
195    46
312    443
293    139
259    357
184    69
145    348
362    312
323    286
72    203
244    204
289    1016
275    117
331    58
238    220
382    474
318    158
90    903
327    659
231    846
214    257
85    234
166    300
188    717
276    203
194    44
269    276
109    820
201    240
267    578
119    199
292    56
41    518
11    733
73    89
128    494
154    640
62    318
72    121
268    474
234    77
354    285
361    97
259    200
389    550
336    276
351    1105
391    188
7    562
12    28
334    216
378    465
345    443
46    181
197    127
24    318
7    139
312    615
197    578
387    1012
375    684
222    268
57    1011
339    23
328    332
18    509
90    614
25    197
91    64
331    305
160    123
334    7
393    12
279    80
393    953
62    176
307    511
147    690
315    269
13    617
7    207
381    694
141    328
218    789
259    98
291    715
44    474
64    663
342    584
49    508
201    589
59    118
294    350
207    59
338    486
13    281
239    152
373    451
365    321
389    490
222    944
164    323
308    806
184    137
342    32
250    129
132    275
249    202
246    402
83    1028
343    88
334    515
216    1161
60    216
279    1271
13    694
103    50
75    290
318    485
347    222
295    570
160    1223
393    1092
391    56
279    208
275    28
147    345
7    542
263    99
379    480
38    252
308    181
20    95
383    641
284    286
104    1226
215    185
374    216
256    864
370    12
373    485
326    205
286    57
387    288
315    508
165    332
373    1230
342    523
226    28
163    286
301    96
22    118
312    593
402    480
70    197
222    1267
393    836
409    65
299    182
321    198
226    24
86    327
372    874
389    194
189    268
200    8
119    550
115    310
8    689
256    406
271    1133
90    149
308    1073
323    15
184    286
398    50
119    83
409    50
180    1131
90    512
144    1142
387    46
350    324
326    436
392    534
5    372
276    693
85    70
227    1008
253    87
268    67
234    558
16    182
130    356
244    724
376    269
332    409
256    4
241    292
332    22
255    288
271    530
137    15
308    175
311    528
334    160
136    100
290    54
16    31
312    52
242    361
293    419
22    226
345    1
276    288
99    288
330    845
64    633
379    294
90    501
99    827
222    276
385    458
363    93
228    427
92    475
184    950
177    334
94    949
327    418
293    751
389    1203
13    588
194    443
378    500
406    58
279    238
194    203
294    895
6    470
299    511
381    1533
280    4
75    151
145    216
7    619
280    282
417    597
405    96
77    100
216    1101
305    272
397    221
406    186
198    79
49    1068
234    135
351    359
299    724
405    127
399    986
365    25
234    202
373    402
60    200
85    127
361    1119
401    173
163    318
279    411
102    393
413    306
412    28
130    217
193    845
299    919
99    628
339    661
283    50
200    228
399    22
393    1139
194    83
195    823
344    1172
274    117
87    68
178    15
276    408
92    223
338    134
313    164
1    118
398    357
213    234
222    71
307    423
417    1044
328    211
349    823
314    68
89    277
56    993
396    678
379    655
361    466
210    276
184    805
217    118
372    322
316    180
186    338
417    710
422    559
422    922
273    321
21    100
13    482
381    501
338    483
391    203
318    15
100    323
315    186
109    949
42    194
354    152
92    655
94    1226
379    496
382    1229
354    607
295    747
308    89
347    568
360    157
314    220
87    382
412    92
416    1147
192    1137
10    195
379    216
6    248
43    181
116    344
193    155
7    264
398    70
56    451
261    892
406    195
329    655
295    133
279    233
7    622
7    428
92    93
54    50
177    198
1    196
295    42
401    462
95    7
367    201
416    417
289    147
76    286
334    300
345    1014
64    96
429    1222
385    194
325    357
76    200
33    751
354    664
417    64
383    14
280    1060
104    312
64    12
156    22
312    136
343    498
429    511
399    817
385    293
286    1202
59    367
244    161
246    117
145    266
354    87
418    313
138    185
264    238
18    318
180    423
429    1016
416    404
398    31
96    50
432    295
263    269
243    196
392    98
343    48
243    317
426    480
417    436
189    194
436    238
249    300
347    1059
184    382
62    541
82    357
264    230
76    1156
393    1221
347    55
177    475
118    164
117    222
325    435
294    245
344    559
330    763
432    111
426    504
188    66
92    62
194    210
269    427
313    441
320    369
125    926
417    1209
385    965
416    178
416    768
125    83
215    449
197    210
119    268
363    229
345    716
269    843
44    470
174    1041
363    474
221    824
437    419
367    448
361    531
1    73
347    125
437    14
325    517
126    313
399    295
244    738
62    164
210    152
409    165
160    137
8    176
95    226
405    1217
94    421
164    121
374    204
406    642
440    690
334    173
391    47
314    94
411    405
181    258
303    1199
1    65
353    316
210    300
334    306
333    873
425    183
10    483
294    902
126    1175
214    20
178    71
396    106
326    479
89    212
406    79
221    24
233    923
270    282
243    16
158    435
277    93
311    41
326    386
213    841
275    627
378    50
7    496
233    499
106    196
393    67
328    579
334    566
102    96
313    1050
246    55
82    405
308    618
327    425
279    721
85    451
59    203
43    173
357    237
420    283
141    322
398    234
43    471
234    428
42    216
56    554
429    1136
385    180
332    95
325    525
42    95
186    300
446    332
263    195
308    191
417    47
260    313
106    684
59    101
290    210
425    475
222    373
315    31
130    44
214    346
295    1039
326    530
165    91
158    239
447    70
269    741
363    741
342    508
268    198
379    199
280    431
207    628
155    292
59    764
18    234
395    924
7    480
6    534
5    435
95    328
252    7
323    1050
313    946
90    143
429    133
437    584
338    212
361    156
38    424
90    318
85    163
305    98
342    23
387    52
388    310
429    273
308    74
254    132
345    846
416    284
10    652
413    301
429    499
59    732
198    381
382    481
14    283
118    217
198    559
392    129
70    69
374    1042
303    152
454    182
328    474
325    507
168    742
198    174
327    226
234    1459
416    117
198    501
277    274
344    255
190    895
354    136
232    919
64    4
330    161
454    181
361    654
94    161
268    97
307    186
416    64
314    739
447    148
130    202
452    736
344    535
397    183
448    360
87    4
374    717
393    54
385    523
354    584
357    977
43    155
130    564
314    88
148    588
49    268
394    228
62    14
380    465
377    1105
447    234
379    82
358    59
192    258
60    443
416    246
417    23
148    993
76    327
130    433
398    152
388    326
318    142
367    379
221    76
270    258
442    572
92    727
92    725
409    168
416    54
325    345
130    684
343    729
325    483
82    519
1    188
43    71
49    179
364    269
344    301
454    484
159    412
208    186
59    511
407    62
261    304
332    54
379    603
92    367
176    303
90    547
130    331
459    934
407    265
435    576
317    351
7    537
449    1194
384    347
326    234
458    648
456    943
116    299
102    577
384    748
200    739
160    412
234    434
291    288
321    190
365    272
244    959
279    156
92    500
264    240
189    198
245    21
460    327
313    662
224    366
249    250
139    1176
159    918
322    150
37    68
144    213
438    321
84    245
308    23
273    315
70    405
267    566
280    77
328    177
389    526
233    603
378    768
367    769
6    536
148    432
200    58
276    258
320    95
176    347
345    1221
267    29
328    383
380    183
215    270
413    326
234    419
417    431
42    1
450    495
250    501
328    273
151    136
189    131
125    364
106    210
343    169
376    197
144    524
339    461
450    110
339    447
232    209
428    750
286    125
193    246
381    631
64    81
393    842
92    167
305    963
64    209
389    475
450    152
416    549
45    823
236    659
334    347
378    174
447    206
331    223
363    290
308    712
291    685
177    421
460    744
407    56
437    663
455    724
59    51
198    979
95    520
389    604
290    15
109    231
452    121
160    169
200    515
360    1197
331    1141
59    612
90    474
49    91
201    188
92    122
354    7
476    715
385    1524
234    285
408    300
201    435
122    673
79    306
385    81
411    186
22    53
268    241
463    250
463    950
291    412
104    1115
184    210
244    86
324    879
25    141
198    959
334    877
417    176
454    310
291    448
92    117
175    661
425    222
11    707
398    435
196    70
87    38
60    1121
82    111
394    72
301    824
260    748
198    693
128    172
250    331
301    73
460    297
360    23
56    403
255    100
158    798
152    783
216    1218
327    55
7    135
200    841
406    589
432    405
326    183
381    79
342    15
215    134
280    31
430    744
249    273
452    467
141    1244
326    705
59    9
189    196
357    280
41    196
60    661
389    497
297    508
246    211
447    133
330    699
406    93
465    109
474    134
345    170
465    474
452    805
264    222
253    523
411    304
85    319
378    423
82    514
99    619
312    428
20    498
429    24
354    387
417    638
262    660
65    50
305    748
7    612
399    809
125    659
381    493
286    552
291    581
332    8
411    258
13    824
354    287
456    447
213    156
407    88
409    709
416    123
332    257
303    95
27    286
271    479
389    1147
451    264
11    56
276    410
5    405
279    16
279    398
399    265
486    15
295    660
92    294
474    474
174    953
97    919
340    946
7    231
415    328
28    670
464    300
1    176
456    200
445    504
398    134
270    60
122    193
227    294
486    1014
298    483
125    323
60    195
320    627
189    172
487    939
330    864
68    258
213    31
160    13
328    241
435    257
119    96
308    432
221    335
94    190
1    89
472    625
226    527
493    284
337    515
76    324
242    1
293    89
313    525
286    417
210    172
43    82
162    11
474    921
354    507
468    51
218    203
13    313
360    45
50    319
195    797
339    117
95    82
313    823
450    729
323    741
434    121
293    297
343    324
340    215
10    302
59    123
319    269
234    1447
200    1034
433    60
42    228
48    480
357    10
181    845
158    745
396    591
56    158
235    327
478    282
391    460
144    187
450    728
136    647
267    515
416    1091
63    475
378    235
133    272
314    1152
94    77
393    417
417    508
152    237
83    732
357    245
18    168
152    1301
87    202
311    127
7    143
435    186
18    153
16    282
64    22
200    169
407    244
297    114
406    63
493    431
271    526
495    153
234    430
376    198
53    121
30    259
379    736
125    195
435    800
375    939
199    116
424    275
369    50
339    88
474    48
391    8
83    527
236    476
37    273
391    604
249    89
480    203
407    448
60    8
198    210
450    270
64    603
332    273
213    432
391    69
354    1194
57    833
489    292
407    316
15    927
66    741
425    7
280    1035
394    50
305    153
174    1035
399    157
301    29
426    525
215    191
399    318
251    472
207    298
85    28
314    697
499    312
489    1238
256    31
284    900
234    855
426    318
417    792
379    704
416    142
482    289
342    223
474    79
414    300
457    640
308    499
303    847
214    479
328    1313
7    199
409    60
448    896
339    483
181    924
59    615
100    678
151    70
270    356
397    615
398    953
320    2
383    357
249    12
416    14
250    333
283    168
235    512
500    244
7    175
379    1022
345    143
465    525
507    343
468    469
417    728
417    778
477    781
8    518
230    98
389    519
463    127
456    484
262    210
399    188
426    613
83    832
312    632
503    659
292    523
508    238
504    72
77    268
504    678
417    1041
267    732
85    205
307    56
311    562
256    785
438    181
76    318
301    132
13    796
76    7
503    127
506    494
214    127
18    91
363    651
378    732
506    560
409    153
470    950
425    675
416    750
417    293
487    710
66    248
361    170
330    451
45    820
474    707
296    663
233    14
256    79
327    475
177    268
360    515
234    591
267    164
488    292
144    1065
222    521
497    258
116    511
339    161
86    270
346    38
499    661
167    96
328    62
328    226
327    327
494    237
387    151
148    50
381    847
326    511
303    137
409    191
327    1007
305    327
378    15
132    175
328    70
351    300
202    204
392    880
118    132
325    28
221    156
379    191
524    89
292    482
383    223
436    200
184    527
463    284
104    302
467    240
457    1012
504    755
385    482
432    150
374    924
436    288
95    193
496    156
292    607
321    175
398    735
453    172
328    317
217    679
442    82
456    673
276    692
382    56
299    461
19    288
298    23
94    56
498    197
207    60
112    321
318    94
504    281
494    191
483    449
265    245
189    132
436    325
311    196
264    514
232    603
92    1011
488    491
374    106
250    340
398    125
109    216
416    346
361    129
524    603
198    763
294    410
303    420
5    208
436    276
42    934
371    64
326    483
92    160
399    582
297    237
509    50
271    520
332    456
437    794
109    411
327    298
161    186
450    451
430    221
466    334
62    436
454    651
312    514
381    139
298    79
26    24
500    640
367    183
524    66
222    806
257    1160
1    270
385    134
456    640
514    175
417    39
187    651
523    662
291    563
190    15
177    469
87    722
454    1269
521    156
73    272
160    455
286    1239
60    405
487    188
424    127
407    230
85    412
504    529
436    381
53    118
8    228
344    280
308    469
69    886
334    657
312    214
314    627
246    24
487    735
249    467
141    313
244    173
536    174
523    186
524    942
282    340
334    286
480    347
268    234
272    96
435    294
533    103
92    620
253    343
454    272
340    520
394    541
358    529
10    480
524    423
152    161
391    276
533    328
398    159
64    179
256    1041
6    482
374    741
512    1
378    1407
27    148
82    99
222    710
303    508
389    483
536    274
216    82
285    198
524    483
272    42
497    217
291    1303
399    587
379    527
254    1469
392    325
503    182
334    510
474    72
318    869
450    1192
25    195
373    110
454    568
343    508
297    117
389    131
234    131
344    459
2    14
374    872
488    662
500    522
291    232
298    257
537    504
7    391
291    236
59    176
421    174
325    191
303    151
535    171
481    596
246    572
84    866
478    288
219    855
370    114
298    133
435    255
142    463
500    319
450    607
59    149
250    475
514    150
7    56
405    73
380    61
458    293
495    616
24    176
82    28
49    13
412    56
92    504
447    85
154    191
309    334
532    96
109    71
521    288
58    175
457    232
450    428
344    647
244    458
531    905
493    527
474    1172
532    301
246    993
198    208
5    408
13    674
486    1589
547    328
239    427
293    651
256    794
527    99
456    449
421    176
184    483
81    121
399    143
136    318
428    323
409    318
535    182
537    318
268    72
117    173
334    488
7    29
429    448
548    636
274    69
393    443
524    467
222    941
405    796
437    654
389    23
327    676
410    328
532    492
7    600
243    215
505    566
160    770
429    77
200    325
132    12
275    162
551    578
84    25
130    477
495    404
332    333
387    593
361    165
308    842
43    172
291    12
543    982
293    942
323    763
548    322
459    255
484    1
439    288
339    22
96    190
184    747
364    262
345    709
458    8
516    523
87    111
99    345
314    942
456    54
498    652
10    404
407    732
182    126
99    201
85    99
325    502
541    399
207    248
497    722
472    633
506    608
409    1537
399    382
90    480
348    7
365    1137
456    1220
426    607
69    181
299    538
394    7
535    185
532    210
503    607
511    333
459    111
251    117
551    690
313    50
381    1401
433    754
435    786
249    568
264    211
234    516
474    198
455    898
416    58
24    582
458    357
70    132
87    449
486    872
269    42
551    286
259    781
503    747
500    276
15    257
114    176
416    143
58    209
380    654
374    5
476    175
500    3
416    140
481    435
532    586
456    282
533    69
243    509
186    1046
339    160
435    290
554    582
416    526
425    590
474    1050
393    85
472    455
10    11
265    240
351    341
377    508
447    204
92    411
525    121
520    289
527    124
499    176
480    191
83    546
537    661
469    705
563    692
478    381
58    116
548    887
256    288
491    273
407    403
492    187
279    684
15    282
360    304
417    380
342    298
232    750
345    298
455    57
561    805
236    127
72    220
543    179
406    421
56    794
10    134
361    269
185    423
339    4
504    258
429    546
535    433
508    214
354    151
334    640
573    194
308    646
549    866
332    237
533    127
29    300
56    173
276    755
184    508
70    208
454    474
339    235
479    127
424    172
484    293
554    286
435    825
90    509
532    500
18    177
295    95
523    1022
251    282
401    194
460    14
234    1450
406    559
246    559
554    546
217    183
553    478
29    286
2    291
513    265
454    12
553    482
500    89
293    591
574    300
474    653
425    670
171    315
342    144
456    608
421    87
537    516
277    50
479    101
533    295
64    969
531    323
406    20
256    36
555    168
84    203
314    1014
474    419
299    652
357    1277
326    423
577    284
13    621
530    322
564    333
253    895
378    756
498    1422
472    473
442    177
200    760
264    26
575    215
435    385
113    237
394    98
378    203
236    692
1    1
92    5
357    273
184    694
361    83
361    23
13    801
94    391
314    1519
160    933
457    549
328    97
529    323
502    358
73    179
301    197
467    298
429    356
416    1516
560    864
522    523
506    82
369    890
321    174
458    32
109    722
318    70
291    1
389    642
189    207
263    699
527    213
6    485
41    188
561    1009
561    15
235    496
130    565
372    333
453    69
345    464
178    56
498    628
553    646
254    225
12    708
494    174
95    650
539    50
314    379
398    230
488    199
299    488
90    20
405    1063
435    148
170    259
392    289
539    131
373    550
440    1191
207    849
455    462
270    860
580    825
128    924
303    780
550    993
338    135
592    204
373    96
389    423
449    558
374    48
387    582
435    318
503    204
378    969
33    260
561    506
409    170
7    157
164    1016
307    257
406    498
435    436
105    340
401    121
373    553
455    65
271    529
458    408
87    50
276    721
170    988
243    468
548    1073
303    673
262    420
218    47
160    293
457    38
545    144
568    194
105    327
417    58
465    194
249    148
450    357
291    22
463    813
193    742
303    709
373    393
326    837
184    739
435    451
92    171
453    591
56    820
488    521
536    679
96    182
213    985
158    694
480    8
429    150
169    243
538    69
385    1143
452    243
15    879
523    211
537    205
62    1018
291    82
334    235
276    189
190    272
5    414
416    1540
207    38
193    739
551    62
263    515
190    273
528    657
275    431
505    7
330    216
321    132
523    707
406    573
517    269
600    127
357    472
577    393
533    222
592    1623
13    792
538    117
276    44
330    177
158    744
174    662
495    465
85    510
268    658
59    1101
318    255
5    70
285    346
276    572
200    568
226    97
577    218
537    285
385    851
384    333
449    1372
586    187
495    84
62    290
6    516
452    187
293    357
194    402
361    237
116    328
460    293
317    355
579    89
361    258
585    463
128    25
429    143
468    357
3    303
325    114
504    623
235    175
68    275
536    163
432    121
488    203
222    642
234    497
334    1525
176    222
422    760
197    2
498    525
554    9
297    268
450    241
321    657
405    132
455    939
342    478
293    1311
506    611
330    866
503    248
437    582
542    63
188    177
594    222
393    578
52    762
213    284
378    161
618    100
399    63
615    517
26    222
403    748
246    219
95    539
615    170
566    196
554    845
13    900
346    1025
372    628
535    97
586    928
542    382
383    285
523    794
488    187
600    2
72    405
583    12
7    679
551    955
357    24
608    9
330    651
130    1079
472    204
557    254
268    506
116    20
293    222
559    315
303    170
216    423
24    919
575    173
268    466
144    318
484    227
297    474
545    568
218    55
532    329
114    483
109    451
435    895
313    461
476    790
422    307
299    647
586    28
535    178
280    13
59    137
606    620
59    288
178    153
380    425
379    511
304    328
284    938
586    568
259    154
417    15
447    150
121    357
387    320
532    195
84    546
367    324
537    215
82    523
426    208
178    744
90    310
136    475
606    763
489    266
401    684
429    117
91    483
363    1073
188    121
169    480
518    118
278    538
537    194
540    591
399    423
475    259
288    515
554    274
580    329
450    222
130    436
447    157
18    125
125    1115
433    340
450    549
449    1195
12    159
425    201
551    698
347    163
537    509
194    87
298    127
621    107
523    66
184    79
389    168
6    274
537    653
54    328
533    282
59    746
627    179
487    128
545    88
99    1
110    1210
301    43
38    405
592    195
506    58
608    265
565    170
145    572
128    181
543    735
566    15
354    558
618    237
184    93
498    603
517    275
632    188
442    695
314    99
566    512
184    283
270    121
64    135
463    544
453    742
623    523
15    291
53    7
455    405
56    176
602    125
234    429
195    373
458    287
406    64
620    465
468    275
537    193
267    206
393    1440
447    176
18    708
291    735
140    286
233    203
176    874
11    544
536    385
486    887
48    527
511    872
625    172
227    1011
450    164
288    1358
577    623
85    1006
538    127
627    210
318    318
315    154
90    273
133    300
85    516
361    421
59    87
416    660
393    28
634    405
299    1056
325    236
402    42
495    575
221    1017
342    1008
158    187
444    251
475    381
178    143
387    99
637    100
421    672
548    603
620    379
87    414
481    692
487    181
62    62
524    100
69    742
82    228
72    170
440    1591
331    491
160    763
72    461
334    936
464    298
562    427
160    240
617    488
535    421
446    887
587    688
314    410
429    275
270    443
145    328
436    218
486    237
484    568
615    660
554    79
234    675
455    176
630    476
312    531
635    294
177    527
630    117
334    886
579    288
301    693
406    52
442    276
96    56
325    628
253    222
363    98
317    288
28    117
387    684
233    95
643    671
293    272
550    538
458    405
457    584
197    29
95    203
620    678
308    678
447    158
60    275
146    271
462    313
49    217
244    393
335    300
123    242
398    1020
474    227
506    258
488    83
184    1160
525    118
535    44
160    192
534    325
592    273
556    64
280    79
146    319
647    554
151    965
642    768
650    630
553    641
201    222
642    210
311    530
194    483
2    273
455    89
13    867
308    32
561    14
591    934
514    729
158    742
144    262
647    748
622    194
1    136
178    50
543    71
363    1101
501    257
308    21
253    482
413    15
595    291
99    367
194    174
235    86
264    603
570    302
385    135
300    300
627    581
545    208
548    327
279    166
246    178
643    1101
185    25
452    479
144    327
174    69
514    631
112    937
643    1149
331    221
634    596
541    225
363    597
348    1060
66    237
604    413
606    22
406    665
606    7
118    960
592    179
553    603
36    878
450    686
230    420
560    975
286    749
450    775
90    286
10    664
409    631
535    435
109    72
353    245
524    469
293    203
60    50
141    126
22    21
417    62
62    199
332    651
617    89
385    187
535    639
503    38
378    1531
642    966
601    1615
650    1474
518    117
11    731
607    847
655    693
378    282
450    81
155    288
483    230
620    148
483    450
474    499
487    206
495    145
251    248
644    50
491    258
52    463
567    506
90    153
221    215
315    209
592    682
251    250
151    88
511    948
638    554
603    429
536    52
14    820
640    732
201    226
125    412
617    242
551    975
56    1057
89    275
301    418
596    294
549    678
551    875
502    342
592    306
524    480
438    245
553    218
342    408
91    192
650    50
510    333
553    1200
348    25
622    132
328    637
625    169
534    147
164    252
582    124
86    242
623    692
638    172
60    69
330    69
452    427
7    591
227    1067
440    313
222    44
551    591
254    323
151    408
505    96
471    422
537    111
437    482
221    286
608    238
399    210
514    275
85    152
532    252
629    463
318    77
145    316
201    233
295    740
630    258
321    170
250    993
385    433
493    483
301    163
108    124
623    629
429    298
449    936
18    747
393    354
437    265
379    131
630    71
640    663
373    239
457    22
545    633
401    25
525    125
514    70
548    654
582    7
373    627
43    301
405    842
663    181
645    523
577    545
109    542
523    934
589    294
629    880
324    328
51    210
605    827
529    326
425    117
497    222
500    531
276    1098
297    529
379    137
524    77
317    354
344    367
197    403
264    100
334    856
536    97
541    121
352    156
234    28
490    7
501    410
56    265
585    1344
655    273
286    483
405    1037
477    732
622    165
450    141
70    28
624    347
486    236
624    815
526    293
532    510
586    156
339    156
542    501
234    498
26    111
388    773
427    990
497    118
303    82
459    174
290    720
109    508
224    356
349    125
557    299
566    127
329    11
385    430
450    185
343    657
417    582
256    1424
90    610
453    1016
116    1142
535    170
171    346
655    505
632    97
407    479
640    474
648    118
663    117
450    328
561    100
504    162
450    421
130    67
303    402
503    297
592    11
221    1217
293    273
115    124
53    257
535    483
45    597
620    795
268    95
474    1113
526    282
645    434
666    183
650    498
392    482
668    307
450    83
417    1011
474    69
234    504
293    1286
432    117
414    302
500    274
655    611
618    132
13    736
43    174
577    44
125    393
639    692
296    186
502    680
682    735
621    41
599    535
569    276
664    732
528    178
640    578
627    458
537    512
661    527
314    151
648    429
82    539
234    923
661    313
10    693
351    310
630    477
663    274
308    603
429    385
582    410
263    180
598    750
161    428
650    484
450    187
559    519
206    346
640    201
546    185
554    939
130    538
156    510
568    504
276    1109
600    62
94    1012
538    187
506    731
600    540
551    332
207    655
546    100
617    767
429    82
503    50
655    1395
163    28
610    288
499    271
360    523
639    98
632    480
617    519
13    224
683    248
458    750
674    405
406    505
353    315
659    144
573    275
474    617
551    313
134    315
184    451
121    300
682    780
194    474
550    748
664    168
268    479
87    195
518    1040
281    301
655    32
399    506
264    637
682    655
295    216
441    294
106    244
552    125
563    237
686    474
624    919
188    162
474    14
80    531
495    444
561    234
367    302
682    164
378    42
416    333
648    216
663    286
398    211
551    76
617    607
262    427
430    318
677    237
667    124
601    98
486    508
13    22
610    12
561    811
280    416
670    482
654    1009
305    48
453    53
605    252
474    416
487    97
85    822
600    810
537    425
536    435
6    185
465    423
586    27
590    15
234    66
543    163
361    49
500    268
658    96
426    135
606    993
198    431
345    485
693    132
524    705
299    91
437    275
521    22
478    65
236    328
693    131
693    480
214    582
456    143
655    909
349    100
111    354
487    685
417    357
184    715
457    117
623    659
487    550
700    181
429    405
178    7
141    619
269    792
244    68
430    248
529    319
455    64
657    151
393    204
5    420
320    274
666    699
606    42
568    478
480    89
269    496
643    367
655    936
507    315
389    154
284    751
619    405
661    95
592    1514
627    69
505    588
109    229
637    408
624    741
682    541
650    175
704    381
694    196
393    810
553    135
54    100
592    405
325    647
705    827
495    790
420    603
389    506
601    47
60    7
545    820
632    483
666    474
293    638
454    237
663    1073
650    4
655    867
621    174
658    98
625    191
592    118
59    1048
458    696
458    526
442    33
253    433
116    1039
399    451
70    408
141    1047
373    380
542    99
495    402
201    145
655    271
712    747
474    497
422    286
399    564
487    403
648    290
694    193
655    1197
210    755
465    136
407    315
548    717
193    153
389    520
57    288
94    710
100    269
492    131
537    479
664    169
429    1218
437    1227
682    658
456    97
622    737
94    813
24    79
154    211
716    483
478    196
665    427
102    88
263    98
670    615
616    1313
64    559
527    177
87    47
373    24
633    651
180    318
658    724
445    340
396    237
658    511
383    484
671    1239
686    204
660    50
545    183
683    748
313    661
456    559
619    300
381    59
276    709
693    655
655    1103
666    467
562    684
624    288
1    57
642    71
514    301
436    367
63    813
429    393
619    331
638    118
537    414
498    443
699    760
690    67
399    147
626    332
11    42
305    172
267    100
162    237
70    143
176    129
407    223
422    129
285    222
13    231
251    210
665    71
659    837
201    1131
551    554
416    713
59    430
539    289
186    684
417    142
405    736
457    783
707    1281
334    23
488    135
711    204
552    282
152    1136
314    158
622    142
583    258
236    64
717    324
94    544
109    755
532    228
684    934
453    186
715    284
557    327
280    229
38    78
346    64
13    789
665    369
569    236
233    588
708    1051
207    470
276    346
108    405
568    462
452    156
13    279
650    648
148    168
554    864
560    100
334    9
532    771
675    531
601    151
650    195
141    930
501    840
537    581
542    625
642    559
256    678
669    508
648    479
524    111
504    485
555    762
303    281
212    269
618    966
608    655
664    172
300    833
615    306
272    654
479    215
389    396
658    943
716    416
87    1179
714    252
391    661
479    602
716    503
648    578
490    475
353    333
457    190
41    1039
618    44
466    22
721    317
690    204
542    80
648    568
514    527
410    873
655    1629
734    82
640    684
524    118
550    328
536    472
661    709
543    531
239    632
345    303
574    310
486    880
125    8
682    356
650    198
650    234
13    762
521    1014
151    642
675    305
541    1078
677    150
697    123
498    53
389    591
551    24
90    490
630    295
467    327
715    425
69    1144
605    282
284    303
265    748
291    1305
604    48
708    326
62    949
200    202
539    124
416    172
450    606
587    690
712    790
59    458
232    1149
705    8
641    192
707    1171
610    275
665    748
92    9
132    521
60    378
130    2
663    243
439    1328
723    28
710    200
178    229
503    504
748    154
697    277
301    546
321    283
222    56
488    724
326    419
534    286
707    799
727    746
113    288
378    213
344    476
417    232
696    523
606    135
325    205
561    1512
1    238
737    186
450    67
393    930
697    596
2    274
656    344
436    38
642    233
721    82
682    75
738    318
664    479
407    496
624    1048
379    306
585    213
450    479
701    255
574    269
513    118
561    432
574    1062
303    41
452    418
280    103
474    836
559    182
7    523
218    42
3    344
606    313
683    302
187    8
593    568
751    568
74    539
684    239
78    871
238    538
467    246
398    604
643    550
296    628
174    381
269    68
389    824
629    423
455    709
549    127
672    1028
437    428
551    117
545    230
454    199
655    647
60    755
527    628
666    604
503    740
177    60
432    249
671    1073
624    124
200    455
585    736
158    284
727    177
618    419
632    98
717    331
474    659
595    824
363    161
656    303
499    251
668    29
665    249
627    597
703    117
650    154
666    684
305    713
740    289
588    638
291    246
710    751
632    510
486    1120
655    167
142    294
655    346
88    880
84    273
60    513
590    286
474    648
707    525
328    230
476    648
627    11
151    33
486    129
683    187
49    396
592    844
92    202
655    1288
13    164
625    134
83    356
381    1
520    302
533    43
262    90
664    636
707    165
550    688
611    268
237    187
284    903
607    222
158    29
741    94
712    49
606    749
699    234
100    886
487    82
466    1176
699    271
533    300
249    1069
650    673
268    655
253    659
553    1124
561    58
674    288
540    250
464    321
79    902
674    117
276    582
567    607
705    174
712    568
313    568
221    762
592    8
480    1388
395    89
684    402
237    498
691    98
514    7
354    487
524    895
82    133
744    237
758    810
150    276
301    1013
339    549
227    127
279    1028
731    357
653    197
477    369
298    284
716    82
1    115
64    228
621    584
234    770
340    584
608    427
497    559
664    77
234    607
667    527
211    205
249    31
70    289
476    655
720    906
471    932
30    321
464    16
659    498
405    402
72    972
707    12
699    285
665    538
507    313
397    751
763    200
504    219
765    237
498    79
21    50
453    22
633    117
738    95
402    19
573    283
389    499
452    22
747    661
764    245
543    1099
658    168
602    148
469    520
555    748
756    404
538    79
133    750
774    195
175    186
504    506
429    603
738    226
629    333
7    640
295    385
116    289
645    188
714    871
387    474
779    284
579    66
694    82
276    202
37    172
776    769
711    230
676    1
326    515
618    729
472    239
463    20
58    169
382    134
664    209
520    898
484    98
567    175
705    282
308    485
747    183
466    174
457    216
151    470
243    25
458    273
176    7
704    191
579    258
328    357
178    1
158    121
52    302
749    64
466    908
559    233
527    200
521    97
409    528
757    195
724    300
682    181
653    223
626    330
642    392
640    347
56    204
650    188
472    780
698    1149
615    23
586    405
532    619
343    318
479    604
650    403
747    467
549    411
717    286
749    222
716    238
710    99
758    303
786    633
466    11
542    208
643    482
23    694
786    230
122    1168
655    1211
393    544
268    627
748    8
495    433
198    4
561    198
523    663
757    50
655    684
747    500
514    294
152    739
316    286
770    508
244    109
646    315
95    692
222    585
254    126
201    685
416    592
505    307
543    118
663    762
758    95
711    744
695    1024
652    395
565    83
758    81
500    202
95    1047
532    77
456    864
630    100
787    899
461    242
653    819
94    42
457    9
747    648
311    54
470    257
291    200
795    172
788    185
128    392
667    137
600    684
780    491
434    975
417    100
727    201
521    163
589    682
276    1208
711    949
521    99
432    300
295    168
747    705
634    1284
536    136
344    169
642    367
703    275
727    549
655    81
742    321
735    276
747    939
54    346
707    293
540    111
429    191
42    284
686    651
518    280
527    647
346    97
749    172
536    498
637    1
326    194
665    79
683    316
671    559
655    324
766    648
524    550
342    276
382    357
222    476
755    690
435    331
696    315
279    948
82    197
506    755
688    326
727    271
668    311
234    625
101    151
201    1423
476    239
130    185
248    156
514    194
294    324
719    778
301    249
759    300
374    228
244    1118
229    751
194    282
562    161
465    56
650    404
524    447
560    255
592    191
313    143
741    280
766    134
474    193
223    339
605    100
620    946
463    751
699    221
804    204
188    180
484    294
276    387
708    313
727    294
406    115
779    471
331    268
764    527
545    29
658    117
429    684
691    50
588    42
449    285
295    155
339    238
621    1028
171    286
539    69
707    529
588    684
508    52
607    30
308    152
503    12
508    1153
790    412
802    452
437    174
455    1171
425    168
689    222
698    434
667    131
687    264
537    178
455    14
7    638
715    89
343    28
655    1171
514    197
787    269
788    71
151    151
394    68
745    203
771    993
561    345
378    186
751    1007
568    612
456    181
757    89
218    186
543    16
704    735
561    955
474    302
579    748
393    385
668    323
514    462
796    765
232    69
440    1265
718    274
152    778
276    881
622    156
815    196
307    172
650    715
293    589
501    405
592    875
748    319
664    12
694    1455
756    161
677    471
537    180
693    660
13    586
406    15
758    1111
708    148
320    183
561    1035
557    529
587    355
648    825
773    1021
529    328
606    747
189    517
335    322
805    527
566    204
749    468
730    300
367    637
566    318
748    710
158    233
768    257
7    433
322    654
676    259
530    660
122    190
747    153
712    215
435    222
176    93
530    88
92    627
422    672
519    351
619    346
655    297
178    1011
727    42
716    521
608    56
293    213
591    615
268    39
642    254
748    86
727    95
825    423
628    292
795    514
497    1
378    218
43    258
344    713
616    331
650    525
585    59
406    191
773    191
201    192
596    682
545    173
829    189
712    662
807    842
543    147
178    293
804    194
458    96
221    210
704    491
326    226
804    1079
712    99
343    462
374    15
44    144
819    1537
473    129
655    651
474    414
682    31
586    77
808    333
815    182
756    55
450    215
394    96
666    32
606    237
543    11
804    186
555    195
623    163
514    1047
606    924
793    844
63    321
429    87
695    311
606    1199
686    208
756    423
521    748
35    326
653    674
644    322
790    401
237    58
239    518
758    282
770    300
788    284
695    288
545    211
233    23
505    73
85    52
619    144
694    645
524    367
320    172
201    715
136    269
393    191
370    494
555    248
566    100
716    423
630    983
716    111
500    257
805    443
659    50
537    14
782    689
457    214
437    1091
840    479
666    114
709    781
392    197
434    928
697    129
665    620
710    1101
715    90
383    182
637    286
776    511
621    271
643    969
770    253
301    50
840    423
508    269
332    195
474    470
324    301
457    770
40    358
709    215
650    161
779    411
417    444
802    300
747    408
711    966
654    926
404    323
807    151
346    153
225    194
836    12
648    199
201    568
239    137
162    147
532    316
711    89
72    684
792    1011
817    1
178    483
92    466
834    269
758    305
705    144
621    779
780    508
671    568
763    237
548    905
586    820
804    202
593    1119
616    329
686    528
378    207
699    222
328    662
806    121
664    227
151    1269
780    887
716    205
128    715
440    312
535    237
263    357
423    591
637    124
221    1011
60    131
334    238
621    735
834    744
686    480
537    196
806    522
661    166
393    412
706    25
501    121
796    203
758    4
650    141
796    419
790    265
434    274
484    315
605    223
370    443
763    629
325    495
838    732
758    249
360    199
846    382
533    527
554    1
151    956
798    365
843    98
10    629
125    756
788    435
541    71
456    32
713    347
838    748
416    136
810    879
500    238
830    511
731    97
747    580
804    396
542    732
805    660
543    114
44    480
638    204
452    461
435    71
666    519
779    222
437    436
148    663
484    216
757    202
92    235
90    385
758    578
787    329
405    38
90    402
493    91
840    465
168    744
194    173
837    274
418    333
535    45
560    127
305    166
286    382
833    854
751    291
489    319
167    241
656    301
455    298
506    576
815    451
806    204
674    323
836    880
233    133
746    79
606    138
839    825
458    1067
383    132
456    546
749    616
117    1165
747    501
393    280
607    213
621    121
543    192
167    831
801    259
109    576
844    90
855    283
782    750
705    286
31    303
700    168
694    356
629    98
653    746
158    562
753    510
677    222
827    313
758    434
788    125
472    810
663    134
655    746
546    181
738    174
280    228
699    405
690    237
835    610
535    79
381    462
499    153
268    201
82    169
118    258
798    465
838    497
459    286
455    591
749    841
665    109
833    22
271    481
116    315
360    297
741    275
642    66
663    288
766    951
472    174
638    176
467    1226
788    218
846    1286
94    504
659    131
151    222
425    343
655    855
634    991
846    674
545    1228
472    443
798    662
84    823
711    143
765    242
387    526
435    781
332    240
743    222
370    193
537    212
804    184
834    762
321    651
712    404
795    1110
802    56
345    1101
832    326
741    202
867    660
184    134
409    530
716    427
758    441
196    762
846    519
535    319
334    154
334    171
548    595
319    682
790    864
598    312
497    195
848    615
389    42
701    50
682    576
864    273
686    181
786    465
841    270
293    97
207    255
234    1021
527    211
308    131
840    234
268    259
846    423
761    222
532    310
6    298
453    48
303    773
831    1063
708    274
683    911
378    13
773    204
867    211
567    647
642    96
49    919
553    153
846    1055
709    145
334    896
342    188
264    186
654    195
844    71
521    742
795    756
834    275
6    132
334    179
2    285
828    874
709    161
409    216
805    83
854    287
782    1383
804    105
798    118
748    250
642    554
699    1375
608    508
320    27
747    109
741    288
807    501
840    496
128    131
860    715
508    318
17    475
784    312
592    469
753    199
840    628
716    492
144    248
537    26
629    331
548    346
846    217
569    300
49    209
709    550
854    32
379    257
661    144
648    563
524    132
271    313
707    473
871    346
815    125
846    1044
829    13
447    293
830    613
880    299
682    185
655    468
524    508
407    45
392    313
721    179
710    330
815    185
881    54
738    209
622    423
738    418
495    4
593    699
666    520
880    301
664    153
92    156
852    546
642    78
798    87
145    358
13    111
617    447
294    538
749    82
851    826
862    474
749    480
846    55
537    273
481    204
200    1217
474    651
849    15
878    642
581    253
301    284
495    121
823    124
454    117
588    162
684    82
452    195
749    385
500    210
830    403
186    330
750    749
561    116
846    524
739    327
804    62
863    882
201    895
339    503
882    193
678    1
752    258
791    288
833    663
664    162
779    181
779    15
601    1084
561    475
81    475
495    796
552    410
805    197
326    135
757    181
707    719
686    56
417    211
537    387
343    408
770    7
334    196
861    52
770    331
826    55
825    595
264    447
250    28
611    347
560    122
693    127
862    526
694    523
83    751
642    422
828    10
695    991
807    1063
617    179
749    88
293    152
710    504
194    179
782    268
537    713
343    510
514    587
43    169
807    505
111    321
424    882
7    610
757    210
838    1005
523    412
595    325
230    162
592    1048
297    28
860    303
877    515
690    684
795    173
883    867
198    447
380    228
354    305
655    789
653    258
840    497
868    160
655    1265
618    582
666    133
884    269
727    928
805    142
751    785
642    942
591    196
339    167
126    678
8    11
109    282
423    678
59    89
854    382
698    625
459    676
59    69
581    515
610    283
889    65
740    294
577    64
361    176
862    491
345    118
459    651
892    134
789    293
643    98
850    300
532    82
450    528
743    303
833    628
327    684
889    246
703    628
886    233
848    755
130    453
321    197
450    570
472    796
463    887
829    213
575    96
638    195
716    265
243    157
468    12
882    140
200    449
394    158
867    258
313    82
671    257
42    71
588    63
559    515
696    1062
411    449
622    209
586    85
758    213
536    1063
708    25
881    161
261    326
290    809
862    478
389    509
293    956
824    294
636    100
878    794
455    455
290    235
877    59
833    427
639    116
640    47
790    173
552    284
846    504
766    496
848    125
892    87
734    423
537    448
450    310
9    201
853    873
740    269
388    680
642    1209
214    357
843    511
314    508
504    939
393    597
826    627
830    97
620    123
398    72
577    161
887    993
141    409
764    432
586    451
393    687
770    93
863    242
677    678
766    175
271    763
887    1
676    471
313    654
846    673
543    792
212    87
648    183
746    1
585    165
599    288
654    215
773    1240
629    193
721    77
311    1297
798    805
774    528
551    597
824    292
288    197
748    153
506    855
429    473
846    578
506    518
891    50
625    1020
470    1084
826    228
899    209
854    147
880    118
539    275
472    1014
886    3
378    239
357    456
707    194
667    216
731    1503
666    26
433    276
757    101
763    73
801    326
792    129
850    172
846    748
501    411
798    79
715    79
795    581
468    318
848    1101
312    648
567    679
851    258
661    538
841    323
503    226
109    11
601    8
906    100
655    1100
789    294
165    127
87    804
864    98
793    250
872    1
903    318
449    251
840    747
548    525
733    302
684    178
665    472
608    86
499    886
336    781
831    331
815    188
666    482
31    306
882    8
727    411
607    707
798    321
868    615
524    818
345    137
811    323
673    301
655    1041
862    479
180    191
538    318
233    168
663    180
62    171
883    20
887    210
896    144
312    419
868    122
840    203
759    121
664    156
323    268
815    418
152    724
741    566
842    269
795    150
334    220
642    739
897    186
592    1070
504    127
548    226
798    259
877    955
194    367
587    294
716    480
728    742
328    64
593    546
393    538
560    211
560    617
474    491
234    164
38    288
892    708
883    529
850    228
395    423
158    686
524    173
916    271
744    1
840    194
125    90
141    1028
25    1
622    49
907    724
739    97
663    148
563    476
776    192
864    356
806    475
919    1101
411    485
586    550
864    132
908    173
766    136
840    170
899    154
113    874
605    949
751    89
862    24
195    431
293    193
871    690
426    1020
767    28
709    217
890    153
653    1444
758    1046
896    123
857    19
250    151
807    62
64    326
299    4
666    494
756    226
683    344
222    258
826    768
514    144
676    270
823    282
882    473
923    410
537    478
44    50
498    185
378    543
913    58
833    384
485    311
333    520
764    274
697    323
627    197
894    285
883    1019
705    95
927    222
343    215
867    68
831    50
843    800
833    730
881    38
682    657
588    570
249    603
892    173
655    28
807    451
848    490
676    193
844    326
553    45
748    200
391    50
701    303
650    483
151    277
98    211
119    924
826    343
854    537
889    302
122    239
862    201
711    135
556    172
595    258
715    470
818    887
23    56
796    211
932    285
321    19
880    1000
551    69
112    313
198    181
601    141
64    79
868    188
463    1284
783    258
716    180
606    684
712    196
782    900
846    393
870    781
397    652
807    739
406    491
707    1174
833    933
82    50
605    269
897    568
567    89
247    121
798    722
739    301
592    747
848    154
655    204
880    579
830    230
72    188
663    192
602    538
38    294
539    132
709    728
643    153
932    1065
862    657
94    67
805    501
746    8
935    284
500    183
878    181
461    258
889    173
107    325
343    198
506    202
404    750
804    183
919    347
880    402
889    461
624    122
940    14
710    174
697    118
933    28
846    727
608    22
889    24
716    225
173    326
890    625
805    655
393    729
830    612
747    111
745    125
455    147
905    300
881    117
321    116
291    98
654    153
864    234
877    79
671    779
622    210
553    497
181    596
49    465
109    572
568    234
881    934
899    282
882    660
709    228
872    288
499    588
551    1028
862    484
919    462
892    237
536    436
298    50
764    121
935    471
727    455
723    189
207    195
823    90
778    367
276    217
394    358
540    340
239    531
573    157
916    46
796    1217
161    70
820    288
741    204
629    173
357    121
95    8
870    38
790    709
518    129
210    163
835    543
77    519
727    199
639    213
448    302
503    503
82    241
851    291
896    152
758    629
450    347
693    216
922    216
495    511
347    418
319    358
508    524
446    879
707    1120
700    28
655    1186
788    657
437    1063
896    880
897    177
699    1187
291    592
532    1428
798    486
894    264
308    479
416    846
916    82
886    5
26    271
788    193
647    1014
72    654
760    841
887    410
303    293
932    709
721    174
870    90
840    611
94    673
776    50
710    180
664    655
919    50
329    1011
792    9
781    403
766    602
641    1194
804    84
537    175
806    228
418    300
885    356
689    50
903    91
938    988
235    524
713    286
14    430
935    127
918    923
856    750
828    382
697    820
916    53
699    1033
700    222
712    210
747    418
940    194
522    200
639    311
130    552
881    15
741    790
584    227
937    285
488    418
621    95
536    10
776    184
763    1065
724    327
451    334
823    175
905    321
539    496
721    243
722    508
870    550
280    673
588    561
397    182
80    79
566    69
859    928
796    1407
880    346
606    249
861    83
694    526
64    480
888    269
934    151
521    568
387    516
536    94
638    96
745    510
916    39
894    1313
64    258
854    93
921    728
624    319
825    925
514    79
532    277
939    1054
110    939
782    1662
877    269
916    65
454    313
916    708
308    501
295    1297
738    429
197    568
305    428
366    288
867    50
720    313
586    195
742    7
708    300
268    117
263    135
789    508
582    405
243    699
684    173
751    239
850    181
699    1093
804    566
451    326
901    546
903    223
846    449
566    210
588    842
661    192
627    523
511    260
897    200
566    631
823    401
758    301
749    229
622    125
773    183
918    1101
527    187
854    293
880    195
916    474
117    184
859    1132
674    257
733    124
711    704
655    1121
884    582
524    582
344    50
561    655
922    191
579    7
620    28
480    527
727    550
219    906
804    367
630    69
712    88
158    107
714    291
943    186
393    259
89    86
334    190
198    939
508    514
786    127
450    235
916    1268
710    418
711    559
273    313
183    649
389    709
919    286
84    79
892    385
632    95
287    941
488    294
224    591
886    474
625    678
758    1039
909    300
846    196
757    233
804    468
840    367
207    685
747    463
919    1086
279    462
883    919
354    13
498    531
659    443
637    125
862    431
303    873
499    166
848    179
757    350
897    742
943    210
655    751
454    751
911    7
939    476
742    1
851    866
544    328
543    508
398    133
918    174
630    742
366    675
848    476
823    135
840    64
749    158
523    954
798    720
528    427
766    633
59    60
716    842
795    655
876    187
892    845
343    217
435    1069
868    228
893    237
262    631
130    300
896    238
502    343
893    259
864    63
823    228
493    109
499    430
543    318
901    96
456    485
627    679
678    237
109    1016
647    79
864    100
902    250
882    82
854    170
407    195
831    64
766    965
166    315
545    510
815    542
645    22
663    1119
586    22
939    409
198    475
846    1069
773    475
422    567
763    475
667    69
694    89
890    215
648    2
608    443
374    54
804    195
886    1208
929    1
667    210
342    152
373    88
788    177
766    435
790    7
754    477
756    173
593    318
790    249
311    51
715    39
149    303
541    265
942    193
661    274
883    60
870    483
537    642
488    239
7    39
472    140
639    739
267    69
889    170
923    546
479    22
280    595
533    748
7    125
868    1098
709    234
792    276
795    429
18    516
360    955
913    174
7    663
663    313
476    47
43    127
846    488
907    281
480    654
653    174
733    1226
922    403
697    328
533    1174
796    111
498    673
749    658
515    342
218    204
922    71
870    154
468    135
189    137
303    636
601    135
883    1222
496    483
504    476
823    531
619    96
540    280
345    974
786    696
815    65
393    398
897    73
437    121
94    1009
693    697
867    207
881    106
911    404
347    123
624    307
923    288
435    549
911    204
883    227
821    476
916    154
642    136
577    196
712    1221
802    261
472    426
405    140
632    679
942    31
716    218
864    471
796    12
850    71
456    747
561    762
360    257
601    318
757    515
881    506
240    340
881    523
308    550
506    836
933    52
792    544
526    100
151    418
655    1356
714    1028
716    174
919    741
276    179
634    15
373    528
645    172
670    484
934    208
494    845
697    1089
397    58
629    234
608    286
587    315
764    95
892    501
807    174
809    258
495    185
708    127
878    70
542    393
932    234
759    222
708    278
886    663
738    200
924    121
498    134
814    218
936    181
749    141
936    333
514    306
94    746
800    292
851    619
246    651
790    298
934    771
870    28
684    8
401    490
883    372
435    39
906    307
322    507
636    10
934    675
820    313
782    691
346    88
269    1103
655    514
880    689
888    137
497    231
532    22
883    55
916    135
332    678
919    246
317    260
210    174
860    311
59    1074
207    597
342    1012
684    411
731    482
622    1060
838    128
532    549
44    328
553    81
833    177
878    517
711    736
889    327
479    137
487    720
918    213
178    993
707    882
870    186
660    746
263    434
379    1075
927    125
716    399
810    269
927    739
303    83
758    488
90    656
271    9
169    199
359    930
747    69
87    222
655    12
894    900
853    327
798    1239
59    1093
924    705
592    196
666    963
889    470
506    79
592    117
246    418
846    42
385    1118
864    231
234    837
894    111
741    699
804    1411
559    205
63    14
357    926
934    436
350    187
757    153
766    133
704    269
716    486
796    879
644    871
625    522
807    1133
442    218
535    707
457    147
937    242
716    519
826    501
721    51
610    508
42    1050
217    17
70    559
847    428
397    289
294    881
894    86
615    97
272    56
940    708
655    723
109    151
934    514
711    79
429    100
880    144
151    945
931    258
721    304
233    523
941    258
933    318
184    371
536    588
942    216
618    895
919    217
796    1522
287    246
922    222
621    692
495    80
825    593
216    315
846    452
450    866
606    516
935    237
892    429
747    262
521    550
747    423
707    168
486    324
707    6
771    892
627    199
388    218
847    109
545    403
253    82
798    220
756    147
655    469
663    475
823    151
924    632
344    1020
56    298
868    23
574    288
521    684
727    176
301    15
771    243
588    762
738    227
750    748
744    479
715    81
940    683
622    96
186    1213
397    693
733    922
699    1061
864    523
860    313
145    98
323    98
721    15
504    559
214    114
717    343
30    164
457    25
830    197
268    80
840    505
577    409
889    22
57    15
565    509
447    118
704    187
932    611
247    70
798    28
805    525
535    302
472    472
518    289
437    52
484    117
908    484
889    117
886    939
727    71
852    50
836    1065
87    174
932    507
328    121
897    389
782    748
666    657
764    56
815    86
899    83
871    1137
546    50
655    953
456    1107
785    152
246    1220
859    535
328    911
782    127
326    427
262    596
276    567
665    135
679    215
741    181
479    485
798    275
449    475
758    653
542    780
923    928
590    274
901    111
794    286
861    301
682    585
320    1291
379    97
642    416
912    654
383    488
7    217
907    202
72    708
569    762
406    163
878    435
407    569
757    1016
329    248
818    271
645    214
541    474
758    448
782    251
864    596
727    211
847    1137
738    222
899    204
781    181
326    500
919    756
800    222
911    399
569    124
622    195
533    402
379    663
469    603
745    96
807    627
764    255
939    222
577    202
854    458
747    357
747    1205
804    127
650    809
378    1221
708    845
693    161
889    818
880    316
445    272
592    276
650    528
123    288
711    923
454    8
828    45
566    742
942    514
398    610
912    152
925    332
561    156
407    134
748    137
314    41
886    589
276    248
642    186
865    328
10    180
763    382
354    676
741    660
673    12
864    62
597    294
614    14
398    603
642    407
45    845
771    15
499    898
804    71
896    770
189    659
751    238
875    258
942    303
824    288
764    275
7    275
709    318
786    111
342    89
892    615
796    22
798    143
836    56
911    969
916    186
752    307
746    64
567    96
848    517
58    134
655    963
788    132
233    528
419    174
901    443
901    419
860    272
390    754
417    405
804    415
655    741
634    281
613    318
900    618
940    300
173    262
747    529
406    709
328    498
728    1355
770    813
189    531
921    96
839    93
939    326
778    249
222    174
771    274
894    299
663    210
617    855
13    779
903    696
826    233
532    1199
299    597
299    856
943    281
840    949
588    729
62    546
447    508
880    117
379    175
921    395
934    529
916    732
588    268
878    474
727    183
699    473
747    842
773    181
807    211
610    203
802    331
540    269
622    29
923    338
892    393
934    168
474    1200
806    357
786    501
198    474
747    26
308    7
110    780
707    319
899    474
890    636
327    255
291    939
645    180
221    56
613    176
832    286
577    49
645    367
387    42
699    1336
727    751
682    248
622    808
856    690
296    632
399    426
663    121
788    636
391    186
251    595
846    431
943    117
122    513
665    419
477    739
767    615
891    237
804    747
504    158
666    154
846    185
276    96
629    693
645    61
804    670
914    643
825    455
593    238
757    53
387    1
639    740
886    380
664    657
420    124
754    1016
659    720
629    658
186    1042
455    77
883    127
896    223
880    258
59    567
394    29
178    147
871    315
420    855
351    307
908    447
734    15
279    566
292    419
753    174
728    15
523    638
325    93
568    631
497    200
142    42
690    747
814    53
837    151
867    588
911    622
535    301
694    179
342    486
761    237
644    977
561    184
786    289
192    289
854    423
622    386
799    286
534    291
851    347
804    366
293    451
795    419
867    323
825    979
795    234
782    289
595    274
786    181
756    755
843    380
7    664
504    44
705    71
545    205
537    107
908    423
541    655
650    447
643    1016
622    173
829    319
924    1478
650    551
393    820
487    301
847    79
911    21
819    302
496    196
892    367
872    756
851    336
567    434
829    427
796    182
648    717
849    133
497    111
6    306
7    197
515    538
655    1086
834    346
815    602
707    480
880    394
524    208
913    498
846    198
588    713
536    614
752    350
830    79
87    715
6    285
551    1220
293    88
932    430
357    748
145    338
814    234
264    275
917    278
889    268
115    185
846    772
540    270
733    591
880    240
763    59
625    385
721    331
896    484
826    1228
425    64
821    237
721    359
189    179
708    15
709    144
661    1
870    340
537    276
7    144
476    430
868    239
796    447
916    239
882    423
882    11
773    89
643    174
752    331
854    124
892    625
897    99
393    384
931    127
796    449
758    93
887    284
809    245
577    183
894    10
708    151
883    1009
846    490
627    135
854    151
627    511
889    33
653    521
410    303
697    235
707    387
844    207
828    328
747    83
457    367
764    1046
930    1315
682    245
648    95
826    540
673    307
457    225
895    275
815    1
846    562
921    228
788    112
504    664
123    187
276    187
598    751
903    179
932    649
618    172
807    386
541    931
740    332
610    480
647    1063
766    226
665    96
347    11
848    433
901    28
889    1142
6    496
447    471
676    480
864    275
851    160
807    520
334    236
886    195
709    559
686    654
276    172
588    88
934    190
846    373
889    473
332    276
766    1298
233    660
586    182
897    95
269    603
901    477
635    246
790    116
188    50
650    823
537    30
897    211
194    223
899    48
457    125
101    831
256    187
742    14
402    118
234    280
253    518
165    1119
682    684
878    269
868    854
854    713
655    43
524    135
864    55
715    95
569    471
560    168
870    211
326    94
766    40
924    205
890    1
894    1404
7    569
846    705
73    183
399    820
697    280
876    435
569    301
727    588
827    245
699    286
437    602
827    294
835    15
697    244
109    22
451    948
863    906
851    1280
662    100
532    531
887    1239
870    288
474    185
514    134
790    2
868    162
586    1046
880    1139
312    602
878    179
649    678
485    302
717    312
833    430
472    91
115    218
790    959
801    752
914    1406
474    28
915    345
880    283
712    1036
883    185
897    510
677    129
268    435
616    245
756    143
663    98
435    930
340    211
880    70
916    202
785    748
99    98
395    748
881    58
90    276
796    28
880    781
326    648
862    59
934    237
178    295
755    323
796    204
472    22
92    631
700    48
807    298
883    732
889    686
650    357
504    504
922    1110
776    1219
877    88
881    216
551    264
828    207
616    362
881    414
898    334
934    156
846    474
471    172
543    153
798    1032
178    232
758    11
698    613
833    134
492    651
909    261
766    191
834    751
246    164
896    203
937    258
533    111
833    192
919    832
878    318
734    724
618    487
657    744
646    1176
91    474
916    636
663    300
928    266
41    969
931    252
553    50
654    83
878    88
924    701
301    288
941    257
758    181
416    278
234    165
864    174
770    294
500    249
683    347
695    328
707    185
716    228
21    330
168    181
864    433
901    378
823    206
521    125
346    566
712    51
283    173
504    200
518    713
659    191
213    195
615    435
341    881
639    193
881    9
384    258
612    7
592    269
250    276
489    359
882    174
916    318
606    201
848    514
712    294
684    408
383    286
724    302
749    179
514    274
919    276
821    284
874    357
848    431
804    50
611    886
651    515
435    778
790    241
303    290
592    1059
745    923
500    423
474    630
427    322
916    528
882    1412
936    476
940    47
536    1030
937    124
749    196
796    172
381    520
525    742
598    748
854    153
872    974
863    307
686    427
778    154
216    1067
883    523
566    790
919    261
535    268
293    223
401    216
486    405
506    1020
487    405
851    204
669    515
60    423
392    316
889    607
758    262
506    447
875    963
922    83
887    121
804    239
567    427
234    1120
456    588
412    1
429    498
601    382
5    105
886    423
627    245
929    435
851    1143
588    22
87    372
868    64
267    161
837    278
743    259
99    544
566    172
889    231
342    476
407    175
883    477
189    14
332    685
497    739
577    133
224    107
303    562
642    609
524    792
330    209
889    250
864    805
932    509
668    13
349    985
655    316
748    192
825    685
682    49
882    216
875    418
867    1065
798    73
919    31
151    124
669    357
650    604
295    143
757    227
823    631
922    181
339    654
670    96
648    228
581    844
498    100
922    739
753    64
879    181
428    245
804    655
486    458
828    179
727    568
223    1234
934    792
796    779
931    137
774    778
1    19
608    421
763    137
815    233
842    306
472    825
56    393
831    742
650    1419
424    840
880    150
250    588
883    96
537    494
550    15
119    172
285    286
919    126
592    815
279    27
49    200
537    506
727    108
595    1010
854    258
59    608
869    275
389    418
303    419
442    92
682    625
552    628
158    298
930    117
870    286
231    15
336    85
234    615
500    557
159    1012
472    402
545    1028
734    202
903    871
851    333
766    193
805    950
627    530
643    147
710    64
860    315
409    1050
11    382
592    180
167    216
840    71
618    633
416    4
634    93
916    483
886    191
669    175
10    85
938    243
91    183
710    327
611    690
543    69
487    393
823    655
918    69
267    710
776    185
805    98
504    756
881    182
721    326
318    294
840    657
825    237
933    153
877    56
758    88
224    570
899    403
846    836
790    202
472    385
551    210
160    288
643    1028
943    840
875    421
829    529
588    568
776    174
751    25
428    892
707    310
682    693
860    257
233    64
798    571
938    678
687    268
868    509
648    474
795    640
871    526
934    154
757    732
106    463
864    52
458    99
850    419
320    827
784    750
232    425
928    876
663    294
823    410
495    739
913    64
678    127
668    475
595    290
920    333
761    283
911    83
894    512
885    815
864    128
757    235
503    303
864    116
621    91
459    271
934    1018
391    427
655    1631
883    66
472    143
773    652
846    12
664    1
474    1063
497    156
851    831
709    226
851    326
351    258
42    136
622    418
294    455
741    28
805    425
680    1
847    496
374    406
654    1115
608    134
459    926
198    942
875    652
809    319
619    597
456    204
545    395
833    223
408    242
883    1404
782    333
894    117
933    652
848    121
455    372
324    268
840    971
932    178
815    427
875    937
280    216
633    581
840    645
903    293
190    826
875    479
887    1496
699    95
804    155
707    160
606    713
777    523
551    721
138    147
502    682
911    479
588    732
811    895
525    7
690    77
1    15
919    300
901    195
450    498
620    95
912    28
653    619
300    1012
682    367
903    9
881    7
557    305
532    684
749    391
496    151
684    216
916    111
660    209
749    233
889    469
928    269
503    44
394    1484
279    1437
580    25
447    24
886    568
526    298
676    255
690    203
200    239
160    250
894    298
642    1091
655    448
292    203
405    69
116    270
756    97
305    961
913    191
938    222
663    1161
476    70
622    154
453    90
763    1039
770    100
178    328
268    239
561    478
886    56
537    483
939    717
223    819
488    223
489    307
893    235
378    399
864    226
835    405
796    248
311    79
320    358
217    11
734    162
85    482
738    91
747    1015
95    392
393    143
894    9
700    56
830    732
807    757
860    216
810    678
766    65
903    214
902    328
293    117
647    196
870    699
527    433
439    268
567    523
316    223
892    180
785    496
927    768
881    393
807    398
92    169
712    1074
722    328
621    118
697    271
894    1194
701    19
592    735
887    465
786    174
897    281
940    204
680    24
908    494
911    172
271    315
566    143
922    1
742    24
788    510
807    510
913    11
823    156
756    275
624    689
851    845
912    474
871    955
606    472
606    527
863    272
805    432
728    286
804    496
589    690
714    924
629    56
902    95
666    707
328    258
938    928
437    202
892    7
561    1115
874    313
455    79
786    126
784    299
932    443
887    385
899    89
551    265
885    50
752    260
738    82
664    724
887    501
894    1
44    432
551    211
875    32
891    148
881    132
33    288
227    15
625    165
933    840
843    168
937    295
816    264
724    895
537    340
545    451
896    420
752    332
752    752
846    515
326    519
655    372
160    325
864    49
458    515
840    637
833    197
682    1019
816    271
905    879
393    9
927    374
932    478
892    419
670    1299
931    315
537    980
38    768
719    402
673    898
539    163
804    642
429    936
429    177
622    725
446    300
527    134
916    568
870    196
940    100
851    176
844    421
280    411
620    1091
868    317
479    15
937    50
643    234
524    1184
430    298
883    430
392    875
934    732
894    268
570    340
793    222
864    164
882    411
880    401
715    713
588    151
787    691
295    941
717    1051
349    459
643    172
757    1014
664    525
286    183
748    300
664    317
757    188
807    484
666    129
705    117
889    239
767    648
784    260
449    213
794    273
892    62
886    92
795    10
747    644
880    588
782    880
860    712
655    1388
796    64
889    385
716    708
892    418
833    378
796    1032
579    523
243    77
111    304
548    293
938    1061
236    521
916    168
766    609
391    98
824    259
787    313
466    241
543    796
89    173
682    27
275    679
848    153
921    194
796    387
913    474
642    660
905    301
883    10
776    524
756    66
840    855
865    744
568    430
642    40
913    419
716    631
290    64
881    495
532    660
435    169
826    82
592    558
537    518
561    651
542    249
825    840
817    9
239    528
887    455
690    69
294    21
757    118
492    474
109    50
805    82
267    265
756    151
479    205
578    300
552    111
788    828
887    409
487    1220
722    148
808    264
543    432
919    527
870    268
804    250
881    596
582    117
645    39
807    95
776    7
659    482
242    275
894    591
874    127
899    195
287    742
916    650
886    550
916    92
943    625
785    269
805    419
848    945
847    507
624    595
682    172
891    126
49    208
655    1636
917    763
686    603
907    291
943    546
401    203
650    559
429    462
705    283
591    8
788    22
804    156
812    332
940    191
893    288
773    153
842    349
795    226
228    275
561    206
542    48
620    699
897    179
833    1070
933    204
600    79
935    313
871    905
846    385
766    443
883    922
537    284
861    10
881    172
178    339
639    509
40    302
236    520
398    86
230    549
417    496
624    301
207    1023
474    492
859    1326
919    125
924    313
852    109
682    288
823    651
381    483
840    69
276    1010
894    463
254    405
880    1044
758    576
502    266
896    307
881    259
641    198
313    490
875    211
650    489
640    770
840    196
669    313
717    476
586    431
518    508
925    559
889    519
118    100
887    1047
923    294
812    300
889    303
399    404
532    248
864    394
881    234
622    218
848    511
679    588
268    1016
642    155
472    866
789    288
433    245
716    173
452    164
758    332
835    134
907    924
67    117
916    206
682    431
880    202
432    293
654    418
796    423
764    717
488    205
796    672
632    194
492    521
907    633
77    134
943    205
894    936
174    202
535    419
741    479
72    81
655    543
451    321
69    628
846    1478
887    1283
119    271
407    191
919    64
389    608
135    226
851    1258
517    755
474    549
721    872
864    597
894    286
850    153
420    179
844    684
805    831
716    229
472    62
653    431
881    197
566    23
793    9
931    14
719    510
648    144
399    29
490    222
533    385
870    203
901    430
669    121
540    276
402    181
883    58
554    288
555    244
468    127
912    648
697    763
354    922
275    227
862    789
416    96
650    226
761    243
898    313
933    483
930    281
643    428
916    176
214    721
311    230
889    700
655    1645
890    436
805    367
586    806
746    210
927    328
908    481
26    248
601    9
846    496
591    26
10    686
643    218
843    633
786    692
896    489
425    293
535    498
379    433
416    392
781    302
887    95
759    281
537    12
778    219
805    716
718    1028
883    694
664    509
768    346
804    357
659    164
901    1605
700    98
64    732
756    588
648    496
407    94
406    157
554    117
927    404
758    208
907    277
11    229
939    405
325    1487
890    200
891    756
889    1110
321    498
933    7
627    684
93    14
393    1001
551    49
845    904
629    271
874    514
826    183
846    183
854    709
814    7
14    663
85    196
936    928
880    186
866    303
49    404
697    237
314    12
883    195
901    1643
679    95
655    1012
924    216
922    631
867    180
861    509
308    642
925    219
938    358
94    182
934    794
880    1157
332    245
606    236
826    385
889    9
457    433
653    76
935    934
927    204
927    409
158    709
918    499
193    487
897    1219
607    19
940    527
889    216
844    418
870    253
642    568
927    96
932    101
865    258
898    316
851    17
671    255
899    28
655    528
615    582
899    724
913    169
933    125
380    174
71    100
764    252
128    1136
234    494
840    642
896    184
234    792
90    730
711    133
770    129
735    127
907    739
262    82
854    705
864    930
648    235
834    272
222    405
842    303
766    519
830    648
892    204
721    1295
326    478
776    238
223    121
47    262
867    198
297    1109
501    1097
724    331
313    531
125    571
875    286
474    448
821    483
870    21
934    70
864    768
345    286
905    117
659    155
911    478
823    715
693    172
757    228
924    605
551    215
825    323
885    338
815    98
816    322
276    175
648    82
750    258
889    291
894    345
694    15
788    371
486    813
846    558
932    474
922    432
919    118
477    111
828    985
642    402
114    527
798    1102
893    24
664    58
758    345
881    79
860    262
921    237
284    315
716    465
807    596
645    959
906    284
435    409
740    1038
533    740
64    503
800    15
406    101
871    301
894    237
178    1028
682    65
659    505
303    191
623    274
315    288
875    134
889    705
630    546
650    153
739    749
833    153
269    378
659    526
792    1164
825    321
823    168
442    96
890    133
889    947
650    635
887    578
642    131
943    403
843    228
450    1480
789    762
280    585
798    402
305    173
886    1467
6    202
452    213
314    932
721    739
738    655
840    199
881    498
873    326
940    879
62    151
389    487
561    566
577    5
459    125
639    61
521    204
514    433
675    269
901    756
856    272
924    56
239    14
919    406
847    50
59    4
276    182
655    307
885    549
805    519
10    93
795    47
912    357
393    8
805    317
927    571
943    717
916    66
848    132
862    202
201    28
686    26
804    513
860    678
503    580
882    432
901    1120
916    558
246    66
937    874
573    134
645    184
658    127
305    484
634    300
346    640
923    276
189    59
756    568
443    245
588    56
921    280
883    856
767    659
884    285
342    833
505    491
483    91
932    1020
889    1048
763    609
934    584
747    505
782    272
57    144
487    62
799    1063
497    265
807    91
416    300
629    127
568    611
846    633
891    597
820    258
910    286
378    402
709    68
864    742
846    199
919    223
591    523
896    588
897    23
659    188
643    630
943    526
897    77
213    125
916    195
869    122
437    135
826    550
650    270
887    404
612    480
768    535
922    276
239    269
376    815
943    672
42    103
916    537
336    72
479    136
393    572
929    98
701    344
592    127
899    98
622    181
943    274
532    332
878    51
710    483
266    9
761    628
722    928
815    54
802    176
551    192
896    71
773    127
393    823
518    920
913    238
464    127
666    91
355    319
916    939
236    304
727    56
517    229
889    161
178    111
896    229
846    79
753    193
931    900
838    222
802    197
907    97
932    481
901    237
501    248
125    710
145    97
880    94
846    650
26    845
478    124
886    364
899    194
933    12
880    273
543    64
894    305
816    690
766    499
449    198
786    117
65    178
880    268
919    174
524    519
56    748
890    514
922    699
280    588
720    242
880    294
316    97
473    150
517    131
664    97
757    431
770    924
932    431
655    649
574    750
907    288
416    79
895    1
488    705
905    458
455    164
885    161
449    593
891    740
804    294
932    606
875    1103
916    704
524    318
110    947
293    509
321    478
244    650
566    462
334    47
901    447
354    319
474    31
918    747
913    28
303    627
890    157
422    267
140    303
472    420
868    172
907    815
348    596
886    2
188    484
794    100
864    151
5    174
723    9
806    90
669    479
527    659
441    282
904    173
207    173
851    1337
780    50
394    380
721    874
913    690
