298    474
291    1042
225    193
246    201
290    143
223    274
299    229
162    25
286    208
168    151
298    317
293    471
299    955
85    427
5    2
26    258
160    719
292    174
58    1098
54    106
207    591
299    1018
301    56
59    468
158    177
42    546
13    215
1    33
218    430
240    879
16    197
299    577
197    96
296    20
236    71
144    699
125    163
119    407
295    194
299    305
116    350
299    303
63    762
130    109
264    721
192    1061
231    181
56    121
307    94
69    240
171    292
214    478
185    23
117    268
246    665
311    432
181    121
49    302
7    492
276    64
159    1028
267    121
29    245
77    172
286    99
44    449
14    269
239    272
305    654
194    152
79    50
297    57
18    408
279    1428
85    1065
224    178
24    64
308    1286
148    1
239    194
110    38
194    77
90    12
210    204
301    523
294    1245
72    234
253    97
297    275
91    683
313    616
303    393
7    662
308    516
143    682
233    177
22    241
13    147
15    331
23    258
312    100
244    53
165    372
194    191
298    625
151    12
56    450
296    429
216    174
130    234
172    580
109    1
227    50
213    13
151    919
180    1119
117    15
100    268
85    13
43    5
184    514
308    95
63    1007
272    1101
13    396
263    416
151    485
290    568
26    685
184    207
214    693
144    182
267    17
38    679
287    294
7    676
313    99
130    316
30    539
94    346
246    1218
215    423
276    273
7    401
264    504
92    15
1    17
277    279
91    28
286    154
25    258
59    583
298    252
249    88
138    496
49    7
311    849
286    1316
254    575
315    185
239    529
130    206
58    268
232    197
213    609
194    4
230    202
319    313
151    387
189    1115
267    980
210    161
291    250
238    756
148    114
67    64
194    234
280    781
98    47
40    268
174    237
109    975
76    582
52    95
244    167
43    151
194    237
276    180
221    1059
189    203
5    62
1    64
195    265
320    117
275    258
232    175
117    829
270    466
131    100
223    318
193    435
63    222
10    505
234    617
234    482
270    781
81    3
201    313
147    305
23    170
276    384
207    531
41    28
126    262
295    483
177    960
194    663
314    1218
106    692
21    184
48    174
93    15
305    347
308    165
145    1
235    1149
151    162
301    606
59    287
48    259
237    494
313    71
259    750
123    13
207    787
69    175
16    144
10    657
236    729
207    508
195    186
286    151
140    301
5    423
267    739
42    506
233    806
90    958
7    182
230    210
186    588
234    657
307    71
215    151
307    431
256    29
13    915
75    121
198    640
119    313
42    746
234    151
150    246
269    136
291    627
198    180
101    282
102    313
291    741
95    483
270    230
301    610
239    605
308    802
56    68
280    1028
119    54
37    685
82    208
82    216
315    8
43    553
308    85
313    245
254    50
54    820
295    173
332    566
314    1095
6    297
75    147
42    999
110    245
271    197
286    341
200    72
42    102
75    496
6    500
281    332
64    77
13    840
7    627
22    399
157    283
21    742
328    521
333    894
181    7
16    70
331    133
145    443
145    182
291    460
221    1314
276    1131
290    429
7    162
325    504
267    55
1    60
296    427
59    10
189    45
60    508
13    42
9    691
231    127
256    778
301    1112
226    270
321    134
10    218
286    100
276    76
144    727
82    147
71    285
216    286
296    83
43    15
325    154
201    26
301    11
331    47
269    180
293    87
201    980
107    305
25    477
218    194
207    576
234    638
313    208
188    234
194    153
270    70
7    519
10    283
87    550
151    228
144    403
42    380
85    692
5    426
94    79
334    1163
296    544
189    253
116    484
58    475
246    98
130    50
325    179
297    282
265    472
131    274
296    1009
294    10
85    56
13    64
251    55
257    289
119    628
8    79
339    582
311    94
90    739
298    98
334    100
83    77
332    451
327    655
240    898
235    435
246    196
234    1172
56    143
310    258
325    505
58    42
144    328
269    214
20    118
297    277
160    126
194    519
25    127
338    79
110    1250
59    421
317    326
294    483
223    216
189    694
176    305
37    222
325    506
234    486
236    699
70    265
97    435
13    614
189    496
113    321
18    82
60    151
58    1097
94    727
26    9
117    174
38    616
184    89
90    199
37    79
121    174
144    302
221    467
344    306
269    486
222    293
200    528
332    233
276    748
271    414
332    673
15    620
90    179
293    188
94    133
272    11
94    214
98    321
276    969
78    289
213    79
267    214
184    1012
206    288
286    228
194    708
180    213
144    528
90    855
73    196
182    237
327    14
158    100
267    559
94    109
92    595
291    1109
15    137
90    241
186    333
174    823
273    328
141    932
345    402
290    404
155    294
316    549
128    64
53    100
7    485
164    313
193    673
167    1147
65    427
188    69
311    204
160    79
162    42
87    523
58    8
18    513
144    713
95    137
286    96
188    211
52    257
328    144
128    422
339    97
59    972
273    345
244    324
321    483
348    405
63    288
268    141
271    435
345    88
318    248
20    194
64    222
201    537
184    259
203    117
32    250
64    8
240    288
318    197
308    233
79    269
236    79
296    1142
315    234
292    405
82    11
193    117
157    273
28    174
248    928
326    732
95    474
207    42
13    814
70    751
42    142
109    69
320    472
305    151
25    455
6    133
279    412
114    191
7    489
320    411
205    289
312    675
160    432
279    702
310    748
85    566
152    255
292    124
56    623
78    269
346    62
127    227
68    1028
83    323
145    281
308    170
119    658
27    925
344    508
271    200
250    1014
323    744
250    742
276    290
100    689
18    71
210    216
119    144
72    70
130    53
232    173
357    284
233    98
356    313
13    303
218    516
194    510
332    258
236    223
94    562
330    596
59    65
13    786
116    180
1    51
328    451
148    1012
269    137
312    234
295    1221
344    175
230    633
125    204
345    956
215    483
141    825
52    657
222    689
229    286
145    1208
114    183
308    265
84    31
200    25
64    181
311    212
347    144
43    1053
299    297
185    638
334    204
145    159
85    124
160    762
6    131
290    423
144    129
12    71
262    336
83    575
85    404
55    89
85    499
85    1168
49    202
43    316
184    699
307    189
160    4
373    707
16    692
174    332
276    737
56    219
270    66
271    1091
102    176
249    333
248    183
122    70
334    475
6    136
249    456
314    941
94    273
136    223
243    1466
363    316
90    604
125    386
58    480
308    487
1    107
330    204
13    530
303    96
311    679
194    218
174    333
91    529
305    156
378    554
13    48
285    168
87    684
294    471
90    813
271    25
204    292
328    371
210    186
254    162
151    234
308    393
233    117
69    48
145    752
216    204
230    969
27    281
251    183
297    238
174    49
128    423
251    265
293    616
256    385
346    133
204    315
64    284
60    194
301    168
210    200
303    231
292    479
291    365
378    1267
86    300
328    350
67    151
123    511
270    241
308    584
312    241
24    275
13    467
269    213
378    356
329    269
184    588
232    81
94    646
291    154
303    159
151    47
200    15
7    281
42    28
328    1042
321    50
169    308
130    210
90    433
200    173
373    849
10    498
338    56
327    198
127    748
381    50
345    845
182    172
1    12
18    732
10    164
308    843
3    318
292    226
271    224
60    71
321    143
102    239
43    275
311    187
280    1479
119    385
314    105
92    376
267    250
54    147
188    205
56    181
295    419
12    276
313    73
8    172
279    101
74    100
43    50
1    53
313    448
94    258
292    511
271    52
233    654
347    85
163    64
248    210
264    4
30    1007
271    54
168    123
60    660
99    369
387    1166
337    1133
62    235
239    497
85    1153
113    976
158    825
303    476
246    469
178    89
328    148
36    882
366    448
358    643
276    840
177    47
92    31
23    229
387    180
178    99
1    157
270    295
265    125
178    204
386    455
92    98
380    132
184    511
30    255
179    272
308    45
299    100
309    324
172    183
128    238
254    967
89    121
31    514
256    181
292    855
90    995
380    177
345    315
74    150
329    300
389    176
389    109
11    185
215    215
87    318
311    965
323    282
130    240
107    340
224    287
155    286
237    479
60    98
293    183
211    286
327    294
248    186
308    433
379    732
23    1005
246    161
99    322
340    526
224    893
41    100
373    114
322    216
338    484
210    50
293    464
70    298
87    239
135    185
7    210
312    485
44    148
13    601
50    9
60    163
174    28
1    208
1    128
364    1048
13    705
380    172
271    517
378    197
334    961
178    117
300    261
42    418
279    228
393    471
178    98
7    101
316    64
200    373
322    521
360    735
276    4
263    125
279    50
219    132
117    742
293    71
295    812
44    1058
256    2
214    856
301    470
249    39
292    118
305    174
59    823
25    238
164    118
301    54
280    92
64    238
207    520
151    414
94    282
370    116
122    737
294    355
324    754
274    478
367    441
145    7
330    549
70    128
315    285
280    448
42    736
165    181
127    449
320    554
389    111
94    390
368    436
346    31
308    633
160    118
378    148
328    550
318    137
390    989
269    93
385    153
313    156
397    7
18    47
99    265
336    1057
261    359
394    1210
293    583
180    28
315    603
60    132
144    193
299    333
84    148
178    187
148    509
274    476
222    949
88    261
109    559
192    340
24    286
94    458
36    269
91    322
249    108
382    290
339    240
87    566
171    1022
216    15
351    538
328    1041
393    252
339    25
14    475
292    423
37    22
293    92
296    56
1    232
244    181
279    1052
58    64
87    521
145    327
267    475
320    159
60    180
388    816
332    204
164    619
64    367
336    399
92    712
384    272
268    246
113    277
373    487
235    190
214    22
228    204
42    234
339    126
312    170
92    720
269    527
163    97
206    260
313    423
174    1032
146    302
381    724
156    346
396    751
141    117
342    4
343    919
20    597
267    88
399    73
344    12
365    275
175    483
234    499
314    288
39    900
234    168
400    328
313    501
1    200
174    14
274    83
145    217
234    1457
1    180
328    515
178    134
286    554
398    12
95    445
282    307
11    752
383    321
339    228
234    70
177    100
293    435
270    275
125    194
160    463
234    205
305    305
160    161
379    230
6    423
392    23
84    222
85    502
304    343
299    135
214    216
151    87
399    1232
250    357
232    461
37    195
401    199
379    98
95    588
345    660
81    124
95    161
348    245
6    486
399    531
23    191
334    340
347    841
303    998
360    663
244    554
393    374
327    921
5    418
276    471
102    164
406    823
279    117
288    64
363    346
16    318
392    1014
392    319
158    636
85    528
330    692
328    423
28    568
222    92
121    631
263    186
354    929
92    67
282    294
399    154
7    396
40    345
385    1071
213    180
291    1376
102    101
395    315
7    79
18    659
328    1136
291    794
268    477
406    239
57    100
361    1074
385    663
68    471
174    124
6    124
305    129
280    322
298    28
399    527
311    778
10    234
146    300
158    593
286    88
334    525
196    286
121    192
230    11
306    116
327    652
339    98
279    52
82    276
100    752
59    528
322    653
405    1554
276    470
249    216
193    815
410    300
10    497
393    227
92    640
23    98
126    288
160    447
339    286
1    241
308    486
334    22
291    1157
130    800
53    258
128    210
327    1075
263    526
374    385
406    651
344    172
295    1188
406    463
291    356
387    182
298    507
385    1010
280    723
405    72
137    250
301    673
110    327
14    204
10    269
393    169
109    237
138    614
128    86
3    327
409    659
49    55
307    449
130    534
62    660
130    69
342    255
385    489
308    425
305    1456
344    79
83    684
21    326
406    588
393    355
81    318
390    100
272    483
385    199
363    1016
193    301
280    468
336    824
373    105
383    603
416    272
405    90
411    651
197    233
130    147
246    1222
248    96
303    449
315    340
413    124
16    28
83    692
416    1035
378    432
328    79
394    773
345    301
6    518
279    1110
200    210
264    606
13    483
64    662
270    872
223    111
393    365
271    95
82    70
308    168
200    674
293    632
151    433
239    210
314    819
334    709
387    436
168    222
344    213
91    289
322    313
401    284
47    292
393    783
342    517
303    763
393    1441
299    553
253    64
342    297
344    284
239    100
187    433
18    451
299    198
193    127
407    616
425    227
383    86
249    686
405    451
235    520
23    238
237    502
221    940
399    94
110    233
345    739
387    854
328    504
311    1046
95    232
128    949
193    443
263    495
389    217
70    432
363    152
379    300
427    682
115    93
399    168
366    164
309    242
92    963
327    381
363    188
246    195
297    742
270    402
290    144
328    223
246    230
407    755
56    44
110    751
407    466
318    211
276    206
63    508
20    252
262    755
189    479
297    95
387    227
346    785
272    469
331    81
314    7
360    181
1    164
297    108
58    483
94    715
432    222
200    576
230    357
339    194
257    1008
327    89
425    39
299    143
429    45
343    269
315    187
58    198
162    710
421    443
6    304
286    155
234    747
194    94
82    222
393    233
393    328
301    357
393    94
399    550
325    493
435    299
326    172
234    236
396    274
87    576
94    1153
255    444
157    293
276    118
269    447
323    56
324    258
35    322
299    546
345    550
200    363
34    332
211    303
268    168
339    961
409    1021
59    699
428    316
234    1298
229    302
416    427
103    96
188    161
334    1006
375    39
437    708
343    147
177    689
423    272
118    193
235    515
44    204
427    680
370    608
331    514
102    629
295    642
285    514
75    1047
345    98
286    127
390    304
10    558
279    719
281    322
404    294
343    124
361    524
1    67
210    864
407    655
56    25
389    402
5    428
196    8
183    450
119    511
336    410
31    124
426    1116
389    1451
119    100
37    176
200    771
234    1400
13    385
239    89
423    323
429    431
248    235
130    122
226    209
343    69
74    121
379    504
195    271
312    156
22    153
429    635
15    459
279    1312
69    147
197    550
334    70
294    343
11    726
306    25
276    423
380    181
437    1262
393    394
189    234
194    427
26    127
313    471
249    28
176    236
328    164
104    346
305    175
264    175
16    482
177    470
435    217
447    218
85    479
114    482
90    652
246    790
299    70
297    1014
416    399
202    604
196    428
134    751
373    658
70    191
435    1217
29    302
271    221
59    209
201    71
256    237
450    100
268    55
280    476
13    874
404    313
59    427
269    998
393    55
330    22
339    258
350    286
326    1231
115    50
450    162
103    234
145    301
407    222
276    562
198    218
186    299
204    304
280    153
416    842
374    1
158    410
256    476
42    230
352    568
184    143
70    511
214    269
406    1010
382    9
256    724
207    265
314    327
177    294
276    569
319    880
406    826
59    183
141    300
371    98
10    1
331    947
416    41
58    408
429    1425
5    214
130    268
414    100
347    475
239    207
378    405
409    654
82    481
229    340
394    559
268    233
154    708
292    135
237    185
330    77
447    544
407    82
286    423
293    653
234    848
393    148
125    568
22    204
360    269
344    486
311    265
429    467
294    749
361    435
417    614
417    127
79    1017
416    959
452    495
43    77
416    332
380    483
330    95
251    288
276    581
391    748
258    690
119    282
286    91
210    127
345    476
265    934
232    270
287    340
92    209
374    310
416    266
269    1154
230    70
151    729
326    615
91    97
335    288
22    871
456    175
417    762
417    1047
283    194
343    188
451    294
426    486
55    257
436    226
85    250
327    344
390    328
96    79
150    458
450    942
381    133
279    831
41    286
129    327
267    222
125    1249
327    419
378    328
456    715
268    554
406    591
412    480
345    1047
193    722
457    636
401    661
18    921
385    87
424    9
198    455
1    69
94    8
158    124
450    480
406    511
407    182
320    184
286    393
276    262
82    202
305    1104
392    632
417    131
434    406
207    181
457    708
324    307
378    1107
207    79
291    284
425    273
20    87
28    258
21    320
438    9
279    407
128    196
18    663
450    39
263    496
316    507
222    318
437    727
431    879
405    423
327    1019
316    191
334    945
7    565
385    455
405    197
73    59
397    302
328    448
207    15
299    289
380    529
315    461
92    208
256    583
10    510
447    300
404    342
79    582
468    461
38    112
399    67
430    237
312    653
139    296
293    26
109    1222
197    188
284    301
452    506
339    45
184    657
265    237
277    237
233    71
472    401
416    501
151    1286
465    202
200    99
407    144
18    6
450    518
15    409
379    528
159    595
472    193
110    315
145    242
398    167
429    208
96    187
365    762
102    778
327    132
319    340
59    963
177    154
334    213
230    71
334    500
149    326
95    415
450    520
436    215
255    200
119    50
98    523
297    17
145    1288
373    527
85    654
144    20
24    249
23    408
342    663
303    953
276    197
417    692
11    433
383    135
106    274
5    427
56    151
59    435
450    211
128    193
10    531
255    831
145    452
126    272
62    188
399    684
458    530
403    181
412    117
221    385
450    559
131    276
378    778
473    273
118    180
423    1011
249    283
463    225
447    180
91    614
342    209
276    396
321    87
457    825
455    20
268    654
474    518
429    415
315    178
397    338
333    294
42    729
393    540
18    65
295    181
427    263
452    69
456    22
378    176
95    98
208    97
162    508
72    147
296    191
354    707
13    872
474    52
65    365
399    597
15    303
44    591
403    7
270    26
373    1078
416    929
409    276
472    940
168    121
343    559
124    209
392    200
292    7
385    1286
204    300
406    787
484    550
268    480
318    205
193    412
125    210
450    523
385    659
320    763
417    928
360    744
467    50
417    421
125    294
234    182
334    230
326    38
256    234
7    447
276    1245
156    357
330    238
295    217
372    23
200    1419
151    466
178    274
60    144
304    313
447    174
286    251
110    1218
194    633
185    181
102    185
314    378
464    482
336    122
393    1178
416    328
95    180
97    1
303    517
235    69
354    154
416    1041
276    108
363    222
327    22
13    327
115    183
439    257
391    60
379    89
389    80
61    304
339    1017
417    1018
373    1147
416    366
178    318
416    443
343    238
229    245
151    137
321    633
256    1109
389    8
398    158
244    200
84    111
210    1012
393    418
42    385
451    331
299    1006
404    243
493    222
380    1045
195    59
288    544
389    152
128    838
387    1128
468    507
43    25
123    197
458    939
249    210
15    306
374    56
276    1221
54    471
100    300
373    480
474    161
158    96
271    392
411    265
230    134
196    108
311    300
417    178
459    825
395    342
354    863
373    392
407    269
438    237
264    1074
455    196
332    982
330    91
417    727
385    865
452    792
457    48
58    433
385    24
6    419
495    167
477    815
345    1117
311    729
457    631
7    596
476    204
405    624
456    443
57    245
291    238
80    303
332    159
318    605
244    281
497    840
498    475
456    479
165    15
278    245
377    316
435    403
44    135
43    939
60    510
313    486
479    248
198    168
455    1174
92    742
328    823
22    840
406    222
487    276
190    281
5    257
455    511
499    210
491    475
474    705
493    252
292    250
453    33
347    157
416    11
379    701
39    313
416    297
117    789
312    463
394    679
313    322
450    723
334    678
474    191
20    181
366    413
486    321
189    99
395    257
405    66
426    490
493    82
13    663
43    111
450    477
193    310
488    748
423    326
178    322
301    203
336    105
223    866
275    515
381    150
89    1074
378    619
284    748
188    498
467    288
3    321
345    288
342    732
493    879
200    177
495    478
469    136
437    133
343    528
504    163
272    23
85    100
481    66
503    69
231    255
194    625
498    192
7    98
339    702
393    685
350    172
283    202
263    174
177    223
193    562
301    118
294    752
157    290
92    92
128    71
405    239
267    1090
327    1103
394    208
495    140
452    483
416    77
458    209
505    140
443    271
1    249
381    995
407    218
85    1173
308    237
448    268
468    4
405    191
429    549
25    655
447    135
407    405
422    324
130    246
406    921
18    430
90    70
149    286
269    778
497    943
480    172
1    269
416    1400
450    1
417    1000
221    298
291    823
313    118
2    283
299    1506
497    657
421    7
56    550
392    813
378    385
493    925
393    1468
264    1355
102    245
6    461
104    258
233    47
87    866
416    196
484    560
279    132
266    25
504    581
281    304
385    1103
324    294
469    153
270    90
264    19
210    568
381    961
343    614
194    423
274    866
145    363
478    188
363    293
305    971
429    673
162    144
102    210
13    679
479    640
59    675
239    512
451    270
298    430
497    570
406    148
504    370
344    291
18    284
327    190
429    124
339    127
312    521
457    229
158    39
85    194
94    268
392    134
416    845
26    246
455    204
56    399
224    333
326    657
472    255
234    185
486    818
321    510
451    1296
518    291
494    1
235    603
18    200
44    249
159    274
479    748
379    233
494    199
246    12
314    815
43    479
128    133
170    348
158    293
488    655
308    15
347    226
230    265
13    347
429    485
303    387
329    169
59    443
450    707
399    12
44    81
285    302
303    3
222    31
412    7
435    751
435    1401
388    742
72    582
394    210
257    70
297    514
468    321
255    685
234    4
417    154
314    367
18    474
528    239
367    559
429    258
472    411
435    175
508    172
472    135
301    195
489    271
472    578
450    10
7    574
478    496
425    17
176    25
417    118
496    633
505    54
452    1427
397    588
532    603
372    1109
354    193
378    404
447    5
346    576
184    1167
393    815
457    54
488    605
112    339
203    283
143    323
193    508
160    410
485    289
311    423
296    303
456    69
459    1
197    895
210    69
107    268
521    1016
52    588
373    189
429    692
95    205
389    610
346    181
184    738
233    196
422    250
230    95
291    403
524    95
90    26
291    215
425    327
437    58
532    399
495    217
484    597
429    762
524    143
504    1508
505    705
450    258
416    468
215    196
120    121
469    194
58    171
216    790
373    828
514    302
506    77
486    886
348    291
299    508
476    1074
230    204
397    22
129    311
124    28
466    315
486    718
122    724
447    484
317    748
267    405
454    56
286    737
469    134
2    305
60    582
524    479
151    238
497    71
119    22
239    499
438    280
456    168
474    696
267    810
500    1
59    508
269    659
160    202
184    401
262    785
479    616
95    506
514    269
215    300
391    334
482    298
311    479
416    248
533    582
109    70
7    27
533    252
489    331
437    217
435    128
59    52
278    258
260    882
28    323
491    657
201    423
439    93
26    1012
385    1428
276    763
455    126
373    208
357    820
385    192
504    28
457    428
464    258
332    322
504    972
425    474
489    302
354    423
246    413
406    211
252    410
233    223
506    1014
100    690
407    345
343    943
343    180
515    288
417    286
373    163
455    222
339    134
240    245
435    710
537    203
429    179
236    275
98    322
499    427
467    248
291    79
532    692
454    215
164    370
269    81
401    724
346    293
255    447
58    512
512    11
344    487
442    156
399    214
505    271
297    298
378    631
325    23
506    463
455    245
299    432
237    9
486    220
429    223
344    202
482    257
274    100
378    469
311    191
45    596
465    64
347    17
233    91
532    235
270    7
81    150
392    270
178    729
393    95
290    629
254    71
217    56
371    22
244    162
541    28
280    771
59    741
221    732
449    127
354    32
347    763
325    654
233    129
398    491
214    475
487    95
338    175
409    89
450    469
468    98
292    180
408    358
398    497
222    549
527    285
339    1110
13    585
213    257
450    208
194    529
518    547
504    295
339    5
551    684
494    126
311    228
189    136
18    504
497    197
119    25
479    1016
303    650
313    485
160    201
90    317
416    264
450    663
291    475
263    204
416    316
327    644
189    97
44    313
270    447
271    234
48    183
380    168
526    315
511    294
370    64
330    151
385    811
506    70
389    693
545    101
363    193
320    1522
399    1192
455    318
538    202
482    301
22    184
363    179
299    47
372    452
528    751
24    8
521    427
506    646
380    286
453    471
425    943
500    1111
48    523
336    237
389    531
368    569
467    108
453    475
378    111
79    268
237    178
389    605
262    100
448    750
128    732
373    382
370    484
79    319
332    328
299    746
290    1047
234    515
503    241
23    7
118    551
99    121
60    160
62    283
244    64
303    619
431    245
361    190
397    127
450    1261
360    284
533    118
130    227
338    490
235    196
534    591
90    356
385    461
553    1451
400    307
7    571
474    194
224    349
60    168
63    224
379    427
410    269
95    448
479    463
41    216
234    1204
543    199
551    260
533    26
538    191
532    284
116    519
416    416
551    22
293    463
234    970
435    109
82    418
542    265
556    192
145    823
406    133
121    127
515    243
382    177
71    357
193    763
201    408
496    87
391    282
503    382
481    216
453    214
374    183
295    202
214    705
145    762
385    900
18    42
456    721
425    198
239    753
226    713
234    124
561    1101
276    715
450    591
548    311
537    956
104    628
551    561
506    663
552    322
54    295
352    12
561    204
428    243
459    250
451    336
321    60
104    13
357    123
221    108
454    1
42    924
308    24
374    665
450    873
186    98
354    116
119    168
314    22
60    166
18    198
495    507
510    294
63    676
334    297
406    234
532    538
573    127
73    382
496    222
262    288
59    514
299    58
269    134
183    356
579    1
201    207
393    173
450    195
474    684
543    175
479    304
426    488
328    755
158    92
401    9
399    180
244    3
519    1592
290    228
551    582
244    1057
84    597
222    284
429    132
211    491
139    297
62    98
251    275
436    179
493    746
130    250
234    25
467    276
291    55
370    107
546    118
533    283
454    661
401    365
189    630
430    1240
332    679
262    486
64    196
405    651
407    565
59    651
210    657
588    31
469    654
393    1063
453    385
446    302
347    181
567    1204
568    835
290    176
91    127
280    409
527    324
363    423
464    301
536    511
393    243
416    469
234    432
488    9
521    182
207    462
417    518
428    312
343    950
551    161
278    313
226    109
332    252
425    127
251    147
455    223
504    1421
197    228
282    300
194    13
298    514
379    144
561    211
567    480
435    122
269    410
342    547
210    4
500    179
504    151
465    199
228    750
31    319
398    796
588    204
92    237
532    1210
327    269
535    238
11    357
13    117
545    648
244    401
528    310
458    193
303    741
60    404
456    13
459    742
537    241
8    273
503    176
22    684
49    71
465    318
10    205
189    7
10    663
15    181
270    79
25    116
394    195
590    285
280    140
474    298
38    418
326    317
111    303
267    159
414    272
48    191
453    401
156    83
354    1137
406    813
282    343
569    126
91    429
479    692
506    530
43    9
243    318
570    303
599    682
541    810
432    181
56    408
535    168
472    80
81    42
474    98
433    95
308    566
94    549
329    194
558    124
207    127
59    436
299    228
533    380
283    208
497    25
152    549
368    774
363    710
472    746
314    562
500    39
18    236
342    818
566    89
605    127
221    29
429    248
468    603
476    211
332    1
442    56
485    288
1    197
94    1222
436    21
539    185
198    356
136    116
6    507
49    419
524    898
221    544
321    382
49    262
351    323
201    923
399    395
452    660
500    1008
566    154
514    750
299    298
251    405
559    514
407    525
401    356
532    403
216    408
493    191
523    514
13    791
508    173
608    1172
280    156
400    306
378    517
7    237
394    449
402    476
314    66
60    629
425    178
89    880
404    22
561    65
487    367
230    280
453    509
603    173
392    173
484    252
303    423
561    1074
216    403
347    99
207    684
360    100
589    289
478    41
303    100
376    707
429    274
164    326
193    1168
468    428
297    55
372    79
447    89
588    1047
608    1115
320    257
312    166
297    213
504    257
144    647
498    1286
445    174
393    821
276    1028
611    300
222    1074
488    22
469    495
526    886
532    404
500    517
460    221
567    606
557    343
459    473
551    127
346    549
381    95
504    499
263    1020
336    288
618    781
436    553
437    151
518    546
99    456
92    980
237    525
416    498
422    124
378    22
280    751
339    185
566    82
497    431
25    568
445    603
94    160
281    331
283    56
592    255
503    121
450    637
527    474
190    276
580    358
351    689
303    334
59    58
527    514
232    419
452    168
478    93
15    292
222    326
534    456
22    546
297    1
506    274
426    1079
426    185
345    736
432    108
188    54
13    183
450    506
295    109
540    1
342    238
378    485
479    97
504    84
351    311
110    288
435    732
401    69
200    472
480    114
474    175
52    126
95    144
255    834
474    276
592    354
427    937
618    96
568    165
356    331
442    67
57    1073
526    676
498    484
272    423
234    646
452    419
433    268
504    728
533    484
595    289
471    501
593    245
236    318
311    173
344    216
207    1225
437    83
483    107
200    141
588    258
279    1206
417    96
453    357
577    727
95    509
66    294
11    286
450    647
104    276
533    193
524    613
280    367
152    487
409    213
575    483
608    419
295    204
524    286
501    475
233    234
13    328
514    658
437    770
60    265
328    117
595    1059
452    924
469    483
591    740
276    53
553    177
416    696
551    651
334    185
392    304
319    689
514    357
291    798
605    180
320    453
85    301
442    273
555    236
548    31
292    844
608    789
87    89
618    131
107    902
504    180
250    181
268    12
320    368
308    135
520    25
579    408
568    6
551    447
620    268
294    100
308    423
1    119
618    496
621    181
554    576
479    209
385    1158
545    69
450    510
458    427
406    607
534    628
456    228
414    260
342    789
62    159
334    315
417    797
322    157
417    404
308    8
585    190
454    357
336    765
151    516
596    258
214    603
552    620
276    647
496    246
314    628
542    1098
399    386
542    58
588    15
553    99
176    321
87    235
536    648
630    294
174    15
345    239
210    167
296    515
137    405
537    306
314    257
44    655
201    216
425    79
630    845
393    26
514    709
552    123
416    312
59    237
214    196
417    395
295    208
634    302
453    223
295    629
407    70
209    181
32    742
506    226
588    333
130    816
83    371
506    417
488    483
286    95
378    742
442    508
371    186
454    612
85    69
279    659
534    151
627    467
598    323
539    155
262    95
407    705
542    179
638    194
450    245
468    160
397    23
560    1171
374    1248
406    404
261    321
538    317
608    729
488    385
481    4
566    479
625    258
452    174
551    56
405    482
293    286
267    391
442    203
249    191
465    638
283    1079
213    521
580    294
550    310
111    258
416    748
551    291
640    38
533    742
178    316
108    319
421    12
532    914
527    507
85    180
497    109
639    488
13    430
385    473
479    82
232    127
624    952
271    494
437    447
18    134
144    1226
551    268
600    226
534    742
588    316
207    70
494    1197
271    648
514    14
590    126
277    508
342    482
604    234
495    288
618    392
566    186
532    689
501    456
625    692
648    674
44    196
363    172
563    50
450    430
618    79
592    272
378    234
543    748
94    191
397    435
498    202
592    330
234    290
479    241
549    288
466    344
639    487
569    475
452    781
234    389
123    514
110    421
541    15
642    97
559    527
214    8
295    213
234    313
642    133
318    193
373    417
455    40
551    174
470    508
244    763
551    240
527    479
592    168
639    553
276    9
504    1522
545    71
178    184
144    500
539    527
634    823
59    618
409    633
601    584
465    475
14    628
334    176
23    204
412    340
488    111
492    83
354    50
15    935
327    26
450    312
611    303
334    634
367    333
18    736
114    659
454    1190
416    209
600    403
449    100
556    1065
435    546
89    202
495    195
488    211
437    154
591    235
222    578
396    717
81    289
593    100
545    739
399    1086
621    249
524    181
566    405
583    198
405    1053
620    281
362    689
119    917
407    447
218    659
586    210
269    3
452    443
425    218
504    1041
201    127
437    56
59    199
639    1194
178    62
283    204
477    724
429    319
184    50
632    237
407    180
612    322
650    197
643    143
655    344
381    1098
339    64
621    17
180    196
504    212
222    712
530    60
554    14
579    216
109    111
554    318
562    477
647    604
279    169
247    1022
521    268
566    96
241    689
179    288
619    332
466    210
336    1048
484    562
58    255
308    665
551    118
606    423
226    236
342    433
593    1028
629    269
58    213
159    7
160    514
201    186
263    443
65    179
328    328
541    8
458    529
521    227
643    117
7    384
7    487
312    490
653    622
415    322
169    204
472    665
643    203
627    172
271    487
640    720
567    306
394    496
363    550
406    487
472    68
290    199
457    568
370    480
385    183
23    211
642    65
224    582
401    630
49    57
401    1009
291    219
560    246
586    496
119    340
174    546
72    685
394    164
106    495
85    732
659    601
457    223
525    250
297    419
657    690
409    523
353    905
387    1018
593    77
253    153
295    357
429    114
158    576
241    310
379    436
373    568
466    96
574    302
326    173
363    691
201    1128
618    1468
331    1296
175    133
639    212
60    230
555    288
392    209
429    742
357    304
650    445
524    44
411    1197
205    322
538    11
151    216
293    393
457    623
463    147
90    10
75    56
374    222
425    180
210    315
365    285
334    736
540    596
346    520
99    975
477    282
592    283
655    27
380    462
654    546
343    473
260    1243
654    222
556    603
495    64
409    343
472    768
643    87
595    1259
222    181
631    289
110    566
669    505
479    356
582    1215
457    27
125    401
641    514
291    1220
455    471
509    302
593    807
18    482
397    192
393    477
537    848
269    661
417    559
194    294
332    450
666    638
308    962
546    222
620    354
638    230
652    323
514    28
460    127
301    210
234    166
429    658
457    197
457    77
614    255
682    924
592    100
613    471
292    665
332    121
606    928
38    452
667    435
527    93
664    7
659    96
13    865
663    603
544    749
592    331
85    419
411    73
637    544
403    477
514    19
472    343
145    284
265    117
537    317
422    452
486    277
378    715
605    462
588    318
564    312
679    520
474    60
290    174
122    135
660    826
559    187
393    1168
387    187
158    455
421    50
620    300
541    476
256    679
640    12
684    64
385    919
350    173
518    1335
380    170
600    761
459    164
643    70
342    531
662    591
50    544
682    92
395    196
529    886
380    194
125    376
276    455
94    418
363    95
299    531
11    125
294    151
624    237
276    328
314    1469
433    919
60    675
463    126
391    100
314    742
655    134
407    143
299    213
92    436
504    942
313    683
435    577
650    77
6    303
508    23
350    168
622    56
178    724
246    404
392    312
592    367
497    418
665    328
514    186
439    7
153    357
348    243
393    636
532    330
551    176
551    180
334    81
371    181
119    405
38    155
472    121
671    204
279    976
665    7
533    107
538    173
224    193
661    727
11    367
450    966
243    22
554    58
102    273
524    520
407    729
341    895
256    975
562    5
667    316
648    878
557    58
370    172
697    713
153    182
690    210
626    286
629    135
493    195
294    313
618    423
58    199
405    447
623    504
484    405
644    597
354    311
370    199
560    411
642    63
330    102
586    591
318    618
622    855
680    20
234    650
379    434
151    93
256    538
378    94
655    1379
527    7
334    629
141    1014
701    285
406    405
435    195
699    100
495    1469
279    342
371    183
417    258
149    874
347    202
404    690
457    203
589    286
210    443
405    8
592    534
463    1377
450    274
592    307
378    237
457    195
235    1176
687    245
182    150
550    288
167    83
405    1044
645    59
586    397
621    250
303    425
682    1074
405    12
569    473
288    136
494    294
246    172
583    7
569    508
308    210
409    192
450    125
346    423
130    29
393    1435
116    678
622    298
659    659
474    107
478    69
23    144
573    479
530    582
694    229
346    385
74    276
276    546
653    509
210    234
665    172
42    64
650    968
660    527
398    47
308    203
204    322
709    64
501    1067
87    926
91    750
608    423
602    127
693    472
393    290
532    335
249    173
70    142
693    427
201    346
569    16
666    1045
450    1208
60    215
686    504
264    7
234    223
488    515
398    495
642    699
226    203
633    385
330    15
394    257
189    165
642    15
514    313
201    185
693    143
314    775
484    173
695    307
286    781
499    902
561    12
668    286
713    539
387    434
387    231
534    763
16    125
538    275
640    186
406    136
200    622
416    425
519    1293
655    1475
25    495
145    66
495    90
661    216
545    79
303    283
523    116
592    248
477    1051
593    162
474    692
399    56
487    651
514    259
393    1182
410    311
655    321
171    690
495    660
584    229
313    102
334    899
312    479
495    219
198    652
588    810
74    13
391    258
130    392
297    200
658    182
705    196
642    1413
343    429
323    544
605    521
674    118
145    181
561    121
440    1194
354    429
642    959
398    474
682    182
612    118
561    744
284    333
230    294
712    366
655    183
538    144
13    886
453    258
275    472
52    107
455    17
688    682
51    184
458    685
145    164
222    451
450    191
87    578
707    283
486    14
486    137
491    696
256    988
437    812
712    734
717    25
686    64
437    496
591    127
344    297
661    501
416    686
724    305
565    166
709    29
715    33
642    29
429    482
624    328
725    1197
96    83
164    405
640    126
608    328
291    985
279    546
178    172
501    922
553    186
691    1
674    929
141    597
499    483
344    516
625    945
720    872
588    395
716    707
199    313
298    423
554    220
499    132
540    294
56    229
622    403
694    200
338    488
283    866
644    1610
588    142
450    432
437    318
645    203
712    465
256    460
419    405
453    24
688    339
256    243
193    580
727    367
472    240
603    385
429    232
694    121
506    578
606    191
658    515
665    194
8    177
619    257
684    94
618    91
408    270
472    101
234    56
339    144
621    71
707    496
468    150
719    66
659    1119
90    660
666    864
176    289
147    750
452    73
524    382
721    681
543    302
559    153
406    611
210    684
43    418
74    340
244    26
707    170
716    163
653    64
151    1
611    344
604    164
586    761
508    154
7    668
742    258
334    257
478    568
655    1462
502    350
142    259
276    122
588    873
354    855
536    82
42    926
552    1048
1    178
379    514
456    234
745    190
694    48
422    151
92    193
565    652
645    168
637    1233
314    1074
271    462
437    707
533    423
716    381
455    276
472    1058
712    785
590    127
363    208
504    1084
496    96
473    9
398    168
536    62
316    531
699    258
459    117
521    8
718    300
655    700
735    258
621    109
462    259
399    31
201    436
682    737
440    70
532    451
151    443
515    1399
504    632
82    175
440    904
164    222
663    928
650    742
551    216
234    956
608    25
664    328
286    742
691    170
689    125
514    403
451    328
683    299
13    576
479    265
747    208
738    180
551    849
256    387
709    125
121    472
441    121
721    135
500    72
110    397
517    538
325    132
37    385
381    778
663    25
85    174
465    181
749    142
580    289
537    1134
541    732
387    678
618    625
388    237
654    216
489    316
599    508
59    900
648    181
24    288
399    203
606    729
645    183
747    48
707    735
513    222
417    451
660    810
591    172
692    321
11    690
603    12
561    214
682    673
417    546
690    194
442    231
655    537
524    965
677    323
141    717
64    98
567    9
457    176
622    250
197    1222
472    895
536    151
291    11
648    403
195    451
58    773
553    661
452    615
727    1231
486    150
602    181
5    250
521    135
736    532
33    339
615    631
10    170
13    163
658    527
568    494
399    455
132    251
537    1113
399    385
675    1101
272    238
393    369
478    1
758    135
403    222
451    1022
624    1016
721    302
617    648
643    732
623    181
505    125
294    1254
554    265
667    313
532    268
532    898
437    143
407    258
711    283
606    216
722    300
617    444
354    520
655    319
608    174
560    270
498    631
342    421
592    223
733    1129
762    302
650    501
648    447
744    127
712    796
417    465
749    554
704    180
654    172
539    236
468    58
537    236
409    275
425    188
659    648
94    215
552    748
500    448
548    282
47    289
536    190
246    185
622    31
128    66
234    836
769    269
577    566
311    494
271    511
323    762
230    622
59    1111
389    427
154    515
188    1041
640    790
545    96
457    239
280    1099
498    435
83    300
514    430
276    890
619    281
196    411
627    510
749    879
654    169
624    591
506    294
455    96
374    11
551    227
643    423
450    73
727    155
682    15
749    11
704    178
588    645
748    48
293    686
320    176
197    554
747    180
699    413
717    117
216    22
462    237
164    307
707    715
643    163
456    23
763    1
693    423
758    269
755    294
87    496
219    664
630    272
712    420
391    482
759    1016
144    1010
435    640
606    477
381    525
145    859
661    506
455    1160
717    291
572    13
727    343
510    313
716    47
286    372
728    322
379    372
653    202
561    131
314    401
81    284
561    91
192    515
655    474
655    24
16    423
125    209
676    50
661    117
303    813
477    90
470    235
474    525
665    191
757    28
299    820
234    478
409    945
599    1277
736    50
758    58
492    205
682    66
495    732
295    100
506    62
630    126
286    884
542    734
602    895
546    769
435    187
499    97
405    208
152    411
540    1226
766    357
554    121
493    647
681    539
87    514
264    137
588    121
720    306
344    751
715    298
416    65
497    1240
630    298
566    203
59    190
758    153
627    183
145    690
468    95
379    183
97    169
403    515
290    49
264    23
474    89
486    20
710    197
1    137
707    1107
606    117
672    1061
682    520
697    124
128    88
561    97
352    98
606    507
751    1011
6    491
551    198
537    1267
474    179
500    8
385    654
665    866
697    222
716    414
343    9
707    778
714    237
650    523
592    122
94    32
711    404
398    510
752    313
234    1330
574    347
684    401
528    77
784    307
448    345
329    651
393    472
402    204
650    216
611    269
456    1059
629    199
405    64
620    928
62    71
379    163
514    64
444    245
704    131
758    172
666    13
707    211
42    294
597    250
452    124
755    689
237    656
313    47
144    474
622    86
641    865
694    226
758    324
574    270
614    1
506    181
570    748
364    286
218    176
533    71
761    546
781    474
735    333
698    230
655    536
504    628
407    427
399    121
43    539
296    256
551    1443
734    751
643    209
650    495
301    420
608    44
642    451
704    654
417    413
222    742
358    1266
655    1368
143    294
94    4
95    97
222    402
731    194
671    1215
625    154
314    433
728    678
70    101
593    631
290    651
503    432
746    566
714    289
223    820
292    631
767    187
76    70
731    153
70    222
693    650
18    269
754    476
721    989
557    750
633    405
486    1302
628    333
122    1045
643    205
568    656
296    297
608    28
638    403
717    111
566    31
663    1276
500    471
614    147
731    419
709    2
798    151
724    304
712    79
758    634
682    423
557    12
272    200
697    283
161    316
487    77
532    147
720    269
753    898
600    161
796    164
804    82
541    91
621    419
391    458
503    268
620    98
324    678
592    1199
679    419
469    286
613    194
176    262
409    300
465    174
767    495
774    520
201    183
796    399
746    56
804    588
551    77
710    310
804    399
666    300
659    76
346    657
486    975
497    652
764    100
611    262
663    619
805    387
776    496
804    231
379    210
758    827
733    1171
738    69
243    116
690    712
806    405
595    952
587    895
704    655
323    179
788    504
581    285
693    357
518    475
407    232
22    290
467    269
707    723
313    465
435    399
712    73
642    864
782    310
804    85
805    595
711    735
760    604
184    496
711    10
551    732
727    282
484    7
666    197
276    479
496    10
295    89
739    132
642    313
807    471
786    200
390    286
662    319
805    755
60    89
655    152
705    231
307    580
368    100
358    855
758    997
452    496
268    268
627    55
793    294
524    107
639    178
716    425
424    740
721    755
292    2
688    259
457    82
500    1160
671    144
805    222
416    183
642    418
805    473
222    185
665    214
276    392
788    188
7    649
794    50
280    22
617    183
550    877
301    218
243    191
87    13
552    932
554    596
292    248
608    64
164    471
807    636
216    67
62    474
343    276
711    724
464    248
634    763
178    233
184    220
648    1
429    1228
629    729
751    131
710    23
686    521
801    895
650    530
194    143
266    237
338    189
580    250
581    127
490    847
753    359
398    25
682    21
435    64
747    1142
325    199
815    483
606    841
694    97
703    1047
666    333
457    215
437    186
712    220
236    98
378    722
130    156
627    227
653    228
565    382
450    648
450    715
451    879
694    132
593    98
655    449
299    169
367    50
776    486
336    475
95    139
748    654
374    1101
741    241
656    272
488    69
391    234
709    218
151    724
758    14
829    1067
720    302
761    181
373    418
790    56
835    1
638    62
144    116
222    68
768    1
90    523
495    79
632    763
366    53
447    222
655    1074
645    11
682    619
561    1149
423    748
435    191
535    381
588    402
770    295
74    307
825    544
693    527
545    193
387    772
387    129
450    88
264    47
493    328
399    403
498    175
790    566
551    351
788    302
733    221
432    845
595    298
796    728
840    152
199    9
808    294
655    174
650    97
833    156
835    193
593    56
782    1237
524    618
756    1009
535    188
130    1019
399    720
200    234
605    301
458    844
605    286
721    990
531    690
667    461
618    785
658    9
294    597
755    259
694    210
472    465
545    751
534    21
825    986
844    22
693    282
180    469
659    481
253    1025
398    591
753    483
823    209
686    198
838    173
551    232
455    234
222    195
561    503
797    50
188    151
805    108
606    222
751    380
796    1228
460    285
788    73
642    365
571    604
256    796
312    589
666    959
795    577
666    423
790    738
389    428
215    234
449    1073
319    261
291    234
626    268
450    951
658    50
539    963
778    780
566    763
501    1011
276    405
534    235
758    159
268    60
318    133
435    25
727    197
655    1506
11    208
773    52
537    127
26    283
487    270
770    244
610    276
527    11
422    5
848    164
457    162
648    928
130    426
308    659
763    627
661    191
22    210
540    300
758    685
311    650
764    176
85    521
387    89
551    809
533    187
640    66
830    100
782    1315
699    308
18    81
727    154
561    427
560    653
498    922
188    673
663    1245
406    10
716    127
639    87
834    293
821    180
790    1
393    710
89    88
834    258
655    285
834    100
147    898
788    451
201    855
417    373
790    367
276    993
688    338
313    504
773    45
291    3
472    94
788    699
222    154
758    221
323    295
588    742
796    417
343    53
844    195
648    432
18    529
194    465
826    50
846    566
392    493
648    40
452    856
637    293
486    1011
758    483
805    32
13    227
468    170
749    434
591    655
484    229
684    118
806    144
506    211
788    712
454    279
846    258
804    662
301    232
850    208
294    254
840    252
573    258
303    477
786    161
639    357
620    951
378    951
706    331
827    268
345    124
798    356
682    154
853    302
308    420
506    770
1    153
530    204
820    538
706    7
844    423
437    629
429    847
543    397
851    544
455    660
104    250
507    691
102    265
301    404
447    1326
788    10
654    97
804    1
435    321
13    228
551    177
825    864
848    152
823    274
787    259
830    95
845    903
293    469
221    55
778    121
727    50
283    412
286    278
757    193
178    304
308    671
851    564
854    122
864    71
804    522
751    386
722    458
788    76
753    499
343    154
805    358
811    304
778    204
567    1021
829    250
17    111
621    270
697    300
216    356
542    315
103    118
854    273
122    83
436    340
312    673
776    661
474    510
796    56
867    196
503    707
798    1049
786    132
470    9
805    223
395    216
246    1039
289    742
721    325
434    287
530    195
643    268
355    306
545    546
127    228
618    283
537    464
655    1198
804    209
571    657
782    1386
766    209
749    755
324    270
858    286
682    89
130    1276
115    741
757    205
394    216
607    311
838    223
631    307
786    199
596    323
766    1203
773    47
500    300
655    282
727    403
710    654
789    1161
794    24
807    127
429    483
687    288
280    72
758    554
788    204
659    58
624    248
738    144
260    350
716    651
812    1393
777    117
393    496
297    92
393    206
630    597
741    48
757    38
818    286
708    284
745    531
870    481
643    514
381    855
87    692
738    202
814    674
796    313
873    292
493    182
548    343
731    132
787    347
593    157
655    860
291    631
126    353
452    472
826    184
118    172
616    346
653    357
417    162
7    9
684    365
178    222
792    7
473    242
173    259
574    883
552    515
670    659
804    584
737    156
648    1228
389    847
551    518
585    634
481    207
828    903
87    451
498    150
880    232
840    117
642    166
455    8
312    740
851    238
635    323
601    56
713    898
125    202
881    133
826    294
804    657
551    187
836    429
865    7
372    218
536    380
622    405
233    614
782    323
83    591
486    845
608    848
264    235
707    155
482    346
659    49
716    215
343    208
766    378
682    1011
21    635
757    474
247    7
650    22
806    286
504    969
189    133
582    300
430    300
872    815
711    162
45    926
671    201
474    97
757    173
677    268
451    874
828    313
584    161
588    181
245    258
435    885
715    161
126    266
229    898
807    1615
840    506
308    853
830    205
882    616
706    756
606    179
747    15
821    405
95    420
59    451
788    429
815    89
755    748
447    233
859    249
805    537
648    477
628    326
184    487
738    926
707    1008
757    31
562    127
659    215
806    14
64    625
605    14
846    216
812    358
236    199
807    384
562    132
884    70
804    414
753    322
354    209
682    96
503    213
87    188
94    1045
864    219
846    659
717    846
561    50
291    773
393    298
634    127
294    286
398    56
632    168
805    455
280    218
863    902
758    122
495    120
766    208
666    137
851    109
537    924
796    810
666    222
378    1438
151    125
748    517
82    87
130    196
704    347
583    513
796    197
699    978
673    315
682    217
593    255
564    1034
465    100
488    182
645    664
600    385
537    96
601    508
307    64
766    212
881    790
659    69
604    443
244    214
22    127
886    781
879    282
806    485
402    9
489    750
486    1598
884    322
457    183
711    170
151    44
712    1053
383    478
256    595
833    696
436    72
491    237
354    735
792    1197
885    1
863    1024
859    421
542    235
113    127
751    193
524    815
453    204
804    1028
492    221
661    71
881    89
882    173
854    928
541    627
561    200
846    770
780    526
882    71
892    151
393    1044
796    1101
559    144
222    1220
687    988
718    815
870    216
785    12
846    1018
642    1136
450    1115
761    295
339    515
177    96
721    216
457    151
880    931
554    22
692    25
758    474
825    870
329    302
313    58
854    487
424    100
653    657
790    42
650    568
606    55
303    128
159    1221
95    195
450    620
297    210
682    274
365    591
551    796
798    283
328    915
763    505
734    165
293    420
862    433
679    223
131    744
75    1048
421    709
823    164
541    404
833    434
354    602
249    179
807    73
793    288
831    150
864    215
442    68
701    311
374    527
379    644
833    1231
901    275
43    542
13    506
788    809
871    241
65    25
487    222
665    257
805    5
749    237
746    222
899    208
291    173
657    282
671    226
125    709
655    238
584    431
782    1251
880    802
867    295
826    802
852    515
298    199
145    106
903    1132
595    864
886    208
808    245
606    678
110    54
886    357
533    143
889    576
587    330
837    20
622    111
543    13
791    322
380    238
904    289
474    434
887    279
505    1063
682    135
868    651
815    713
580    1
881    282
757    570
875    171
500    735
588    1074
804    615
628    338
625    514
414    340
734    318
690    121
85    64
540    20
417    732
871    275
374    762
21    628
246    227
144    174
774    431
200    230
327    180
711    393
479    204
887    1136
521    12
653    4
875    268
881    97
896    186
889    56
805    95
559    587
230    431
459    1038
618    164
660    151
840    153
659    185
381    1115
311    726
653    200
645    616
256    322
804    133
733    282
621    455
783    887
838    111
771    403
912    1041
782    993
390    9
863    294
398    1041
532    633
320    238
788    38
472    760
914    724
887    1540
393    879
650    294
506    233
751    746
718    118
878    275
11    449
184    506
454    465
795    727
715    157
561    1070
677    687
788    133
13    152
906    321
551    168
377    895
773    1367
682    552
232    900
653    89
546    898
828    1005
902    318
831    326
763    16
860    159
682    276
880    8
540    473
543    944
650    15
459    685
466    50
198    248
681    294
298    174
64    87
533    489
907    685
591    285
830    435
535    47
733    619
70    596
532    1189
596    895
76    156
773    547
670    606
892    649
707    303
798    463
834    347
815    969
870    381
426    646
805    396
262    66
916    160
11    176
454    222
907    591
600    4
694    161
709    363
293    217
616    313
887    768
455    193
880    237
314    846
783    271
804    1041
606    333
864    422
331    634
342    169
503    293
311    380
407    504
234    749
901    988
94    172
198    230
650    566
653    28
620    164
308    410
870    499
839    286
886    98
458    460
197    311
659    175
545    80
847    645
568    135
927    138
568    661
179    682
3    347
699    116
806    95
650    185
6    261
885    239
860    153
602    237
429    99
833    504
886    62
786    204
428    303
397    665
561    4
886    238
595    14
747    651
295    52
896    141
846    50
711    1163
840    56
707    660
618    54
524    466
880    692
172    642
886    172
752    351
877    300
703    993
790    181
846    1148
848    530
643    219
632    132
316    275
508    232
256    409
397    186
589    879
623    186
472    660
918    1065
444    306
181    508
554    531
763    61
716    614
846    72
575    79
535    517
716    493
924    6
361    28
655    9
843    679
782    1382
68    276
913    12
919    322
458    499
7    586
7    96
896    215
830    432
889    747
497    237
663    89
896    462
753    435
878    137
459    259
476    66
435    144
774    23
891    471
854    285
747    1225
788    211
707    1642
655    1633
497    725
900    183
397    298
707    1211
641    209
771    69
595    275
894    863
234    1075
911    496
912    132
748    326
1    139
840    197
258    877
710    299
792    147
437    101
766    89
773    179
893    148
379    1113
940    315
880    367
642    780
378    98
886    218
551    363
459    696
503    130
818    751
521    751
805    143
862    203
894    1560
839    111
778    568
943    58
561    603
883    277
541    584
835    499
368    5
840    144
864    969
185    845
383    660
627    328
450    50
495    1079
943    111
524    14
401    428
867    117
885    501
218    23
62    455
303    1
683    270
650    478
665    50
894    713
510    292
841    307
42    655
307    161
505    132
234    106
368    559
328    903
666    1071
868    150
299    515
120    127
464    299
150    150
897    172
344    762
790    208
807    8
283    1009
483    283
608    182
377    689
664    367
524    521
940    289
406    629
896    174
754    328
823    1
532    304
661    181
454    632
798    423
942    427
919    298
741    427
759    328
621    65
409    1070
541    254
840    143
881    129
822    272
727    233
200    380
859    955
883    1041
435    298
650    152
356    322
661    174
222    54
625    210
886    96
665    274
374    153
474    611
844    210
886    732
560    458
642    628
883    9
548    696
731    170
934    25
19    8
768    248
909    531
864    238
657    273
637    181
524    559
654    408
932    525
130    1142
843    28
940    96
798    289
928    333
822    432
929    515
592    69
606    568
859    368
678    15
889    403
860    245
823    150
916    506
541    378
928    1007
897    451
380    498
495    521
935    717
875    504
538    188
790    217
831    117
790    117
881    477
670    417
796    949
280    173
819    182
262    58
865    24
907    147
699    275
298    427
512    50
738    1047
754    117
897    195
903    317
647    357
526    294
621    625
763    518
627    195
184    1121
729    322
524    661
796    89
890    271
655    1516
896    504
655    428
864    218
892    481
708    125
716    203
871    197
535    100
435    127
913    144
782    1296
934    411
635    15
856    315
896    187
650    482
541    622
885    208
749    685
496    652
807    29
886    240
886    187
151    686
543    466
906    696
185    47
916    179
643    631
414    288
894    1226
708    149
823    77
865    919
345    470
179    916
669    664
190    7
586    96
914    155
655    1141
618    432
295    511
886    222
503    58
930    651
505    419
796    722
786    102
663    693
694    52
674    1197
393    451
659    494
394    204
806    461
527    661
682    385
389    485
939    689
514    209
128    416
394    672
922    229
332    748
535    950
406    492
537    855
844    181
870    23
741    742
756    402
840    582
821    274
889    202
806    588
665    483
187    173
149    340
919    201
640    693
305    464
729    362
294    986
923    1028
892    178
727    291
523    523
943    215
804    480
379    577
899    135
536    487
913    42
727    161
276    1483
897    926
260    270
864    419
932    157
790    222
452    82
843    204
707    747
831    12
750    328
522    205
756    245
595    815
738    193
663    307
639    647
782    1142
118    188
97    172
863    900
94    939
751    142
653    429
863    1234
913    185
617    672
322    33
890    193
405    735
588    366
301    282
663    150
920    300
330    237
751    98
943    685
385    656
303    92
898    748
919    477
773    12
435    768
853    678
617    357
704    272
715    168
622    99
916    28
72    1148
897    82
511    887
620    924
514    1115
477    794
846    294
784    751
207    515
115    79
847    476
276    65
804    28
83    1041
487    966
487    64
608    218
596    295
923    831
665    721
625    22
489    346
610    162
682    271
894    310
929    23
184    262
303    596
796    739
450    221
455    50
884    381
897    182
653    176
435    1552
890    655
887    418
265    288
704    528
13    566
846    492
612    259
450    23
498    135
879    1284
608    190
618    275
756    171
867    168
714    3
406    444
373    233
682    229
187    137
694    143
883    331
643    144
562    318
764    132
514    1600
804    160
5    366
474    213
788    100
773    710
697    122
46    332
846    133
925    185
161    197
504    1090
796    699
545    232
881    168
650    732
867    270
918    1171
833    616
256    265
622    183
922    172
837    25
495    498
677    508
888    69
130    1058
864    770
650    109
643    447
385    671
487    746
795    135
655    1063
919    58
931    744
690    9
482    328
805    469
881    71
274    472
889    979
883    384
532    234
606    50
788    444
763    607
655    645
476    90
747    603
795    25
608    303
912    143
245    151
840    664
527    192
912    423
778    157
875    753
880    734
684    67
804    265
870    471
218    663
474    929
71    52
907    713
615    168
434    15
89    15
846    143
701    275
828    60
629    144
795    121
326    178
666    273
536    378
889    512
527    168
435    2
689    405
699    458
859    293
571    191
456    580
878    197
927    1089
777    202
618    470
127    50
599    1278
897    385
764    673
370    650
894    751
331    467
709    546
429    167
902    176
43    102
875    172
543    212
919    471
860    286
666    127
894    45
394    940
221    246
503    496
871    258
634    933
37    578
721    84
210    1
632    64
887    1051
823    660
297    248
846    1035
764    591
822    1110
247    340
682    210
889    154
337    25
501    979
645    960
297    181
7    31
807    416
724    333
711    1168
710    419
796    516
825    181
417    180
314    419
770    15
15    283
747    663
312    50
665    418
896    226
472    678
743    276
537    428
817    327
934    210
564    298
657    111
730    100
880    815
580    866
924    742
784    333
709    402
645    208
886    1435
868    214
877    70
138    14
730    237
674    313
707    317
916    50
455    550
613    435
919    717
318    275
769    235
551    209
795    588
853    332
713    750
806    521
805    195
894    275
314    756
601    325
731    66
288    199
8    510
496    721
719    285
341    299
763    1101
285    183
592    1022
851    125
41    194
291    785
854    49
269    65
880    100
892    588
720    310
938    873
92    707
474    609
716    1016
705    62
716    216
899    283
290    385
497    367
495    82
883    229
624    321
535    645
644    250
478    195
747    519
891    285
632    609
653    143
665    239
645    47
221    12
568    519
455    230
933    583
184    160
913    432
793    508
119    449
882    662
242    294
733    1085
406    702
858    100
314    1063
606    211
883    209
577    472
717    298
655    160
896    291
860    333
757    313
535    265
933    196
747    507
708    118
643    238
932    154
716    202
847    95
847    198
429    381
883    346
758    338
374    281
297    196
137    96
126    316
692    211
749    968
846    268
749    418
567    608
514    180
385    528
504    441
256    11
630    239
815    712
724    1127
727    118
707    1168
313    427
768    742
940    427
705    69
712    365
495    67
896    198
232    50
666    527
480    152
751    1
246    50
857    275
761    205
881    528
589    339
669    150
39    301
586    118
916    702
13    749
896    55
871    121
546    258
296    211
738    169
615    387
307    132
822    358
313    127
922    418
918    921
514    778
786    186
379    143
385    533
868    658
693    195
542    94
500    919
665    286
881    546
871    96
883    1021
716    241
840    303
766    205
308    293
771    8
316    58
783    301
889    207
912    97
711    1053
316    427
922    98
916    527
912    185
766    185
425    184
727    188
840    83
901    229
25    133
347    121
747    215
378    83
897    50
200    931
881    125
499    98
398    71
893    412
843    250
634    1067
930    269
919    112
504    202
496    190
894    252
43    274
804    22
899    168
943    195
804    1016
823    721
374    96
524    275
870    276
506    218
739    195
847    1204
758    481
334    496
94    365
654    147
706    258
763    55
360    96
540    286
2    278
763    153
711    475
472    227
936    253
880    849
854    461
455    239
305    505
705    82
880    793
903    1
655    1024
747    176
934    161
764    125
391    194
931    220
447    1009
624    1067
259    1074
85    42
788    1407
897    659
727    231
234    89
644    259
234    52
674    121
897    429
916    87
899    1016
943    405
561    960
551    284
885    821
566    1065
566    411
464    292
253    132
915    268
715    257
533    660
911    484
851    71
796    1036
804    25
770    14
881    530
645    174
698    709
751    174
473    20
592    1275
506    31
943    943
321    479
497    769
804    191
711    172
807    141
673    300
927    393
249    69
595    845
387    718
85    186
747    493
666    479
709    183
84    100
693    507
15    297
52    282
749    609
853    1280
741    180
339    187
393    724
758    173
476    268
716    511
374    597
930    405
880    948
592    22
887    421
791    259
785    886
807    181
213    154
710    886
555    258
870    194
657    269
796    161
593    417
854    23
622    506
894    1462
11    88
673    528
363    148
783    300
782    1144
864    106
897    465
936    116
274    744
406    285
847    301
890    214
815    203
130    96
634    323
326    447
516    204
497    216
523    179
756    1060
833    656
467    293
868    410
780    659
864    286
314    1145
804    824
470    305
846    59
653    293
385    497
594    221
192    269
828    327
718    121
144    58
655    218
588    542
889    232
193    715
710    656
826    1
314    1
2    288
747    1497
203    477
291    747
499    165
728    237
659    705
749    650
533    550
864    568
813    310
279    1224
450    588
830    204
185    258
588    155
537    1194
541    73
867    64
923    763
72    198
213    197
840    640
776    5
640    691
347    284
553    525
872    742
766    215
217    761
232    178
595    50
305    60
97    1126
463    1115
694    144
453    227
817    7
148    189
494    329
565    171
207    517
349    619
846    1107
860    56
727    180
450    392
749    655
592    96
875    185
342    488
838    87
398    837
60    133
354    181
279    56
332    367
796    608
881    21
815    1039
836    269
533    511
806    98
194    661
416    415
905    1011
311    966
648    210
896    31
689    257
787    308
887    96
815    518
682    39
648    63
805    135
835    318
178    588
365    815
716    549
867    655
487    27
850    519
899    176
828    902
389    386
543    60
698    483
461    294
765    42
527    1211
835    427
566    378
543    778
847    151
506    191
521    1240
924    504
682    553
878    213
697    310
615    70
304    243
556    707
796    493
486    303
716    485
715    11
625    121
933    403
882    380
379    197
682    686
788    215
846    178
780    186
933    471
638    128
763    50
601    50
669    268
846    484
430    748
826    624
746    2
378    71
699    886
608    469
562    190
380    200
852    825
621    154
272    32
486    242
869    1382
904    155
889    249
422    717
909    529
846    188
838    71
542    321
655    584
862    436
764    747
736    533
417    111
290    472
645    64
854    1134
738    118
806    403
249    302
677    539
795    7
712    843
425    96
846    468
870    174
690    153
909    14
305    59
833    235
864    401
632    568
97    193
921    322
390    300
788    356
749    95
159    298
655    1233
715    595
782    355
798    1076
429    412
589    310
840    173
749    77
784    877
674    111
664    31
622    230
693    218
553    609
919    531
660    259
454    984
451    324
916    484
222    566
835    286
325    408
516    515
843    153
693    291
524    526
911    923
603    326
902    497
406    657
870    469
826    22
840    419
246    735
881    392
936    129
861    1009
494    300
619    233
363    385
403    1
932    736
776    431
671    570
653    15
102    879
880    249
606    451
678    100
95    238
889    357
478    762
453    257
872    278
536    694
796    144
383    166
917    535
805    708
297    208
393    689
862    423
869    253
660    281
846    441
776    91
878    482
537    89
712    418
301    367
421    525
826    849
25    79
593    121
663    591
862    519
655    13
650    499
643    656
890    404
780    419
846    630
746    22
452    153
545    1188
901    662
538    528
871    360
805    629
846    662
588    12
568    1125
448    1062
758    175
831    313
392    604
151    1050
504    161
535    614
497    232
751    172
11    213
840    580
796    237
464    259
587    260
721    269
804    99
776    551
870    514
704    488
840    528
426    136
606    284
189    28
894    179
751    631
805    509
343    72
738    313
692    476
486    251
916    68
452    196
399    541
655    451
1    83
869    116
541    501
705    83
334    121
741    196
640    33
878    732
268    408
662    1342
788    553
566    64
699    878
773    90
804    153
871    172
553    631
703    15
938    405
524    116
712    1055
844    55
240    302
897    550
503    124
92    63
843    164
840    484
798    81
505    181
838    919
896    1240
860    204
880    876
934    257
804    216
670    705
545    155
847    289
653    96
931    300
534    597
23    181
788    482
867    496
843    210
771    477
864    196
664    566
463    313
659    1064
303    655
655    803
487    204
881    411
773    109
862    825
489    347
44    22
593    111
796    226
770    250
497    944
137    79
758    53
606    323
406    176
175    869
903    443
660    72
714    258
916    171
796    236
870    182
92    69
786    173
870    479
871    210
407    1041
325    1118
892    482
796    479
778    117
710    479
757    559
323    1073
798    210
862    186
934    212
938    406
91    527
844    864
638    455
640    96
446    289
890    589
892    192
707    1204
48    650
782    879
849    197
882    1
566    22
923    455
667    694
917    246
747    95
476    201
864    755
903    129
321    133
267    210
747    466
774    180
535    180
716    1113
293    176
205    294
881    8
875    603
734    465
295    232
611    272
556    302
758    131
907    1040
363    116
885    69
870    684
802    769
308    525
227    287
159    254
76    806
536    197
615    269
680    50
908    525
804    742
924    562
919    25
871    352
869    276
655    607
583    483
936    273
659    502
429    685
269    806
663    521
892    81
934    172
862    496
922    294
943    485
932    188
889    87
875    56
303    631
747    479
347    546
506    1063
864    118
442    1074
870    95
264    234
851    92
916    697
931    909
82    483
267    188
731    28
158    514
747    64
484    4
823    101
653    69
940    286
474    485
836    690
663    315
354    45
668    993
91    333
798    265
894    339
798    878
922    99
825    9
749    71
320    56
936    124
710    210
891    274
11    399
867    652
883    648
345    684
467    181
752    1265
773    780
833    1019
141    988
145    235
794    285
198    137
891    100
881    185
882    98
224    237
94    367
94    1219
807    89
560    271
144    962
894    300
828    303
543    462
798    736
916    1098
846    1206
913    9
292    789
927    1014
453    151
916    631
755    688
901    63
864    939
937    255
463    740
680    294
328    50
593    468
907    1284
834    15
125    66
748    421
470    874
863    310
804    685
6    533
942    258
904    402
886    721
868    646
588    584
610    71
838    1
661    515
933    265
640    373
892    516
497    55
804    152
466    300
932    204
897    28
478    71
886    733
52    277
818    245
804    72
660    235
197    576
932    432
671    123
883    39
614    235
38    451
530    607
429    293
930    238
872    591
387    655
391    209
880    468
747    235
896    127
766    659
764    278
916    1042
194    570
567    654
682    365
711    214
783    292
627    188
622    4
603    89
918    175
846    41
479    151
794    473
825    121
653    100
882    203
20    22
327    433
798    112
930    265
623    451
810    876
870    513
168    845
864    470
560    1019
840    1639
932    519
931    459
398    111
715    249
646    877
808    340
796    71
805    428
645    185
712    142
848    739
936    678
758    362
393    625
916    581
698    195
838    175
787    362
221    737
705    257
59    658
716    495
454    604
779    111
30    780
765    170
514    137
936    125
548    250
407    737
892    8
899    174
20    243
897    79
398    655
727    815
343    116
894    32
835    132
655    1082
840    503
823    181
579    268
916    919
888    631
643    716
560    58
886    9
864    651
833    526
661    86
887    109
342    9
92    841
734    483
414    11
904    709
883    504
715    97
881    1066
806    29
450    11
869    237
842    324
416    597
474    431
838    60
897    974
648    186
379    1035
542    435
292    331
937    864
538    273
537    471
125    95
862    767
803    304
846    54
698    135
689    717
761    7
890    474
711    1024
618    566
337    151
524    13
930    756
804    651
883    659
933    95
825    124
727    544
852    252
360    15
545    271
682    280
643    11
686    806
911    647
648    391
393    732
790    685
455    770
542    293
669    183
923    282
707    10
394    82
699    1057
709    665
940    200
472    831
943    475
663    845
435    53
913    176
773    408
716    52
619    231
859    1009
864    82
697    276
593    144
544    300
557    865
697    307
561    435
598    22
921    662
373    238
721    1119
857    892
883    154
213    1012
393    864
933    216
401    99
896    206
303    221
741    164
922    91
790    85
663    111
795    998
839    323
942    661
655    327
21    987
883    781
804    97
548    515
851    875
576    204
654    367
886    385
330    25
368    164
932    639
896    180
156    528
875    921
567    1298
217    405
633    71
553    213
833    346
790    1028
940    50
892    436
385    100
825    566
847    740
298    485
773    1036
846    580
347    411
506    205
943    541
453    403
547    321
880    298
793    181
665    924
916    268
924    12
13    280
599    846
659    387
911    855
902    275
539    202
632    7
115    83
864    283
843    527
410    272
907    96
724    264
775    887
271    125
223    278
625    705
101    1028
709    1188
70    993
883    1226
755    310
222    380
862    260
497    144
393    33
880    302
682    472
733    1375
826    665
821    281
690    63
868    67
901    402
663    176
903    121
889    1
879    117
394    90
592    463
788    651
883    210
788    566
835    606
401    185
825    274
932    529
678    332
847    219
405    954
458    531
393    272
344    100
303    238
854    13
932    434
655    59
311    428
298    402
908    654
655    479
588    1078
942    174
881    215
530    275
305    45
835    685
774    174
886    28
315    79
902    289
671    121
726    1
904    747
157    244
492    172
871    286
825    16
835    465
588    463
883    512
863    886
503    283
894    935
892    168
916    286
216    189
334    218
466    7
582    508
916    218
635    877
903    421
85    745
878    97
409    499
227    756
638    4
198    96
802    264
659    210
542    64
903    157
883    273
710    301
806    628
487    426
637    328
899    740
795    431
840    644
766    503
682    143
883    382
851    193
927    154
659    609
119    655
796    1415
586    763
796    300
628    984
889    188
906    124
784    332
864    159
342    153
319    350
932    191
505    95
720    896
306    257
332    50
870    191
757    82
339    229
693    185
864    318
38    162
618    95
650    203
575    603
442    441
789    741
826    79
921    678
294    293
906    9
10    286
748    213
682    82
186    77
596    289
808    875
616    292
711    317
829    151
862    61
933    127
185    239
370    173
661    566
747    192
669    483
452    77
881    136
429    739
940    209
217    684
708    981
887    928
429    540
776    510
787    359
430    151
650    208
916    180
743    9
747    7
848    50
555    252
886    919
940    70
759    118
881    768
59    505
551    1118
636    25
938    260
773    1170
870    100
177    42
880    1134
870    124
910    9
717    1011
753    653
926    302
360    471
903    763
815    403
636    760
387    12
710    286
810    342
749    298
880    1014
394    549
883    304
456    793
727    25
916    425
829    20
614    1142
883    550
910    1
782    1254
492    699
807    50
627    89
898    272
896    68
854    249
870    9
588    216
763    317
871    1430
249    844
844    919
759    24
733    297
907    313
731    494
632    203
716    168
883    1005
764    531
883    204
256    21
121    315
663    13
904    794
665    931
934    213
870    710
854    175
450    405
73    514
74    300
342    1011
655    603
504    739
553    527
833    980
522    180
823    503
710    100
660    523
908    79
314    1048
783    294
416    1136
43    143
679    111
201    33
90    491
479    200
422    234
635    742
892    760
727    366
919    148
582    473
890    663
731    202
939    591
886    15
529    690
889    919
497    42
491    493
793    3
757    449
312    484
895    294
487    178
239    1065
145    218
885    420
38    627
894    961
561    709
506    196
634    696
922    258
894    536
892    194
747    174
497    928
758    96
296    696
883    275
429    796
778    216
882    199
840    175
697    9
681    292
919    294
883    13
899    181
864    665
456    109
927    535
894    198
840    615
882    151
918    855
815    168
894    978
343    715
24    699
752    995
500    82
276    293
422    7
932    616
841    325
435    627
605    934
886    566
846    63
620    151
885    365
751    655
41    50
551    17
608    42
919    880
429    528
286    1133
805    549
524    60
504    100
224    147
650    145
883    237
398    237
881    748
286    402
817    288
537    792
942    328
846    737
279    242
715    50
807    449
896    654
880    1049
568    482
910    210
673    340
399    1060
577    121
874    20
429    1112
556    173
65    194
880    342
1    28
891    405
659    170
691    322
707    134
861    70
409    663
389    412
537    501
870    490
886    1014
3    340
230    627
747    276
451    748
922    15
927    56
913    50
334    403
892    27
248    187
798    944
585    14
77    191
707    242
783    895
665    535
788    175
916    233
525    181
936    257
907    506
807    417
894    312
770    410
795    210
429    663
889    695
846    68
843    596
881    205
915    750
643    436
925    288
301    217
356    288
469    510
47    1022
892    213
151    610
871    147
399    100
880    39
664    792
709    515
936    1
558    285
882    582
878    45
901    204
932    389
864    77
267    2
315    1084
541    173
86    259
890    657
889    322
880    992
709    379
588    1098
816    323
314    476
825    290
221    1016
895    748
305    311
623    153
642    69
928    749
833    646
472    50
650    265
785    294
858    689
327    275
154    152
380    318
804    603
846    1221
758    820
633    300
911    194
436    550
658    960
698    174
894    1009
804    631
677    358
17    276
554    70
870    235
639    516
922    271
846    194
835    239
694    238
159    1132
521    68
786    197
896    660
859    475
218    164
922    230
532    448
556    482
840    357
472    419
932    199
911    427
917    476
567    589
806    273
749    230
886    584
936    323
806    188
908    96
940    176
942    135
13    793
643    4
900    129
774    199
846    270
896    219
413    237
879    121
28    603
363    273
815    655
867    529
60    601
916    151
323    181
250    629
893    531
835    204
699    106
832    748
805    401
455    11
569    295
466    33
897    201
920    340
677    322
892    582
383    188
450    356
924    28
804    380
870    1098
899    588
488    174
460    1171
539    660
711    258
741    283
883    306
10    707
918    143
6    537
592    628
638    185
858    293
776    637
886    282
862    566
943    173
864    97
917    285
450    25
899    318
870    47
521    79
892    480
695    358
716    1101
666    428
198    428
679    423
926    292
484    186
871    909
457    386
864    15
889    533
721    222
13    182
932    1449
56    295
923    9
699    323
906    283
666    291
720    272
53    15
897    506
809    300
667    427
567    429
704    519
893    286
618    49
822    1
883    14
867    156
606    546
798    941
749    977
323    334
613    12
682    765
899    214
790    213
916    431
381    588
567    10
846    616
683    289
682    209
756    622
406    26
919    319
938    126
749    449
772    331
144    59
935    1
747    403
741    67
919    419
825    273
778    168
145    293
903    46
795    154
5    373
648    1337
775    333
592    135
312    91
85    161
579    331
144    170
934    152
916    132
933    410
620    1480
722    748
499    647
868    589
907    111
128    180
533    778
416    184
781    232
894    933
647    298
630    732
885    300
370    835
879    276
343    274
354    97
690    118
85    520
707    26
919    1173
820    302
648    603
933    561
562    566
450    170
890    210
749    1016
425    347
551    941
823    26
663    509
796    707
813    751
883    515
933    159
548    471
889    742
894    350
886    367
561    89
892    430
772    302
863    269
917    473
637    93
892    150
588    472
927    820
898    310
864    357
659    616
655    382
569    291
709    693
807    1016
733    100
343    1112
899    234
755    938
387    174
905    508
665    222
99    1047
763    845
938    591
796    783
918    83
507    307
826    771
813    690
548    413
592    260
339    178
110    403
830    127
715    237
537    45
577    732
738    54
297    284
632    12
296    498
796    705
727    879
919    191
786    265
611    302
805    121
943    367
774    64
56    28
280    1063
899    498
234    659
560    515
913    143
927    1
25    86
727    173
875    23
533    609
893    220
880    23
551    366
900    661
903    210
840    1674
847    164
312    83
708    880
504    153
295    132
22    265
929    197
291    582
804    476
291    562
922    367
921    185
892    288
870    659
840    653
588    447
679    318
13    429
919    124
567    513
1    152
823    517
919    147
862    176
588    301
642    1055
582    328
407    101
896    661
897    405
435    441
682    804
931    281
894    52
548    328
936    1323
895    222
747    100
916    273
646    354
705    416
908    264
804    145
749    356
44    183
747    488
919    181
407    288
393    774
584    50
406    154
821    504
932    89
887    228
877    1402
934    303
844    100
889    737
457    356
698    496
454    527
426    496
648    377
351    304
916    52
833    1628
751    315
880    940
886    209
846    197
655    1155
177    221
810    878
923    815
339    216
919    22
523    213
709    17
786    100
592    295
532    215
653    210
229    882
910    742
901    69
892    797
927    1284
919    95
133    271
536    640
394    343
679    97
639    863
59    517
20    15
2    296
847    501
880    318
786    376
887    90
943    763
425    70
815    28
796    199
922    562
878    166
774    193
507    294
693    735
693    180
730    121
506    514
279    486
794    936
938    273
830    837
13    893
907    485
731    496
870    647
901    66
577    826
378    238
774    50
435    709
622    62
932    1035
590    1009
151    1041
927    742
428    749
815    515
693    484
326    97
868    135
907    764
892    431
916    90
685    875
508    655
886    177
760    258
432    255
561    199
86    1176
828    558
620    452
796    96
373    174
903    1009
116    311
756    256
804    708
654    720
573    528
756    383
179    313
59    953
732    321
682    1046
683    294
830    89
667    197
384    286
942    197
385    201
939    508
941    1
599    280
454    140
594    520
894    137
425    1188
822    902
92    13
890    674
97    208
852    250
574    754
864    190
930    535
555    118
342    507
826    71
910    748
7    598
940    1137
790    153
854    174
83    88
919    258
823    473
273    338
932    119
934    961
97    423
548    183
738    7
894    531
634    333
18    724
826    102
494    707
868    238
655    1641
794    249
892    1078
934    502
627    64
943    193
882    284
916    1119
883    1074
561    504
716    141
294    1047
880    168
562    82
810    873
897    849
271    28
883    736
697    245
479    271
889    298
622    199
561    505
198    238
919    892
484    423
357    508
786    95
555    265
311    170
150    14
102    154
249    147
853    261
527    526
899    125
870    655
716    517
59    1114
821    98
919    200
785    174
572    284
160    127
737    100
892    188
644    255
846    318
883    421
852    290
660    89
654    405
894    905
541    468
786    1
886    50
889    181
870    11
935    120
533    265
621    384
881    732
707    52
32    408
474    124
902    187
665    378
806    875
849    625
389    133
867    172
874    275
921    143
537    675
707    708
407    7
630    815
896    96
741    696
102    172
780    313
130    93
621    809
764    596
495    1091
