200    222
38    95
7    32
251    100
13    526
178    248
267    518
62    382
271    132
62    21
250    264
244    815
194    466
42    794
298    281
213    172
1    61
305    471
125    478
294    109
63    242
66    258
38    153
275    98
1    189
154    357
170    749
128    508
254    662
308    649
275    597
10    175
269    522
234    1451
43    815
293    135
239    56
92    587
91    480
303    252
221    475
13    229
303    200
193    879
221    943
244    265
308    55
217    597
269    507
6    98
276    70
56    71
178    317
87    367
193    407
299    134
208    216
223    328
239    1070
295    739
217    2
77    518
168    866
7    661
221    1010
108    100
244    183
268    955
59    92
16    194
254    378
36    748
83    215
201    203
174    937
85    228
56    91
288    305
185    287
198    258
222    87
70    1133
195    751
275    265
26    125
2    50
185    216
84    1033
297    234
83    210
83    97
293    708
128    182
285    269
1    47
277    257
206    302
125    318
280    845
246    721
83    43
122    510
29    189
92    747
145    1248
186    263
83    929
181    328
5    1
101    596
28    217
92    241
279    96
288    272
184    277
234    648
59    54
1    113
184    191
94    218
37    117
200    478
290    132
271    187
311    386
145    22
23    381
18    113
222    1057
197    300
270    671
90    507
170    292
25    25
44    95
82    455
130    806
303    94
262    553
31    484
214    1129
184    36
172    462
90    821
189    634
19    655
6    469
116    1216
62    111
57    243
314    535
210    357
42    195
254    188
303    1037
262    754
251    1014
103    127
177    209
7    151
144    106
160    117
137    300
311    5
305    189
238    252
232    630
54    685
256    716
262    179
313    96
276    550
308    559
110    682
234    20
275    501
194    792
306    242
239    10
305    187
63    1028
244    89
321    287
260    990
293    346
323    223
279    491
224    949
63    50
13    493
303    65
142    181
175    96
43    52
7    44
303    291
42    684
173    286
222    29
269    616
217    22
94    625
13    144
268    264
92    1142
294    222
280    544
3    343
92    106
28    98
201    405
7    28
262    11
156    276
42    1041
279    42
291    466
47    340
128    736
76    92
151    429
128    418
194    321
307    100
7    78
213    48
316    292
201    943
327    191
207    203
114    175
311    505
288    127
130    332
138    121
268    42
128    140
85    629
311    403
293    293
256    819
178    255
125    796
275    523
298    477
94    1119
125    173
99    546
222    210
195    181
194    770
1    228
80    886
130    622
22    227
152    147
178    121
284    906
116    248
33    307
56    194
313    31
166    322
271    823
279    562
1    114
177    919
119    1101
215    194
159    259
328    200
311    518
312    1299
109    159
49    473
297    216
64    187
210    135
64    515
194    410
286    655
93    222
43    114
10    463
11    714
18    607
271    242
269    961
303    700
185    127
299    24
24    427
291    1471
207    170
144    64
222    58
57    864
190    751
90    237
159    249
21    928
326    50
268    566
269    922
10    321
73    475
90    489
213    546
305    131
155    321
191    288
232    638
49    10
59    47
42    210
42    785
238    118
326    468
291    672
313    175
287    1016
311    1116
295    4
222    217
14    56
159    111
18    954
14    93
268    432
71    346
128    276
293    157
276    318
90    971
80    50
334    222
62    135
172    603
293    195
210    134
194    735
117    1
314    833
313    205
215    1039
335    328
232    708
62    281
286    465
280    96
145    672
338    494
42    845
128    83
18    488
200    225
244    95
244    509
311    99
14    792
232    523
28    895
201    1424
119    595
208    662
83    265
305    1411
308    628
207    1098
62    716
314    924
223    845
318    357
213    25
269    76
123    22
56    79
263    86
316    213
334    93
87    1182
10    4
28    153
295    493
334    86
275    588
315    216
141    125
178    250
314    735
130    418
18    209
23    511
13    428
217    685
235    433
320    250
295    588
263    521
291    1017
6    525
49    732
269    529
152    780
174    107
216    202
198    568
308    502
203    332
260    1105
63    6
325    514
308    569
144    523
87    1072
206    333
275    191
341    876
325    187
160    93
276    1478
89    246
320    1210
74    15
83    252
297    12
276    563
179    315
62    8
221    100
76    531
23    83
141    222
130    90
72    82
240    301
89    936
234    519
2    290
77    498
279    1498
169    879
267    145
328    627
269    959
234    14
339    30
120    25
230    673
19    153
311    671
7    90
269    209
178    651
303    1267
239    923
299    71
248    181
125    238
83    125
16    22
59    241
13    315
332    595
314    29
151    196
14    100
297    475
236    170
102    62
94    313
299    137
243    223
148    596
291    552
138    238
168    1016
145    286
303    181
189    632
72    64
94    153
145    569
5    154
267    28
7    654
184    15
280    230
43    724
261    748
216    1047
241    307
301    732
150    475
291    455
334    223
89    127
17    1
348    628
135    54
130    47
72    45
222    313
184    855
200    218
276    448
190    282
13    318
102    686
279    1495
235    22
49    56
151    100
94    232
317    300
191    313
101    840
254    472
343    655
158    68
222    182
311    951
345    174
7    285
92    1041
294    547
334    461
325    865
164    322
133    315
224    569
89    117
283    588
239    479
253    294
48    50
23    421
7    89
56    228
190    300
82    518
299    367
42    281
136    747
7    530
164    125
23    177
6    70
256    172
236    204
305    806
95    417
269    179
346    245
48    202
233    57
318    49
318    384
87    1190
326    526
97    655
314    204
56    98
279    727
296    685
332    148
334    72
334    289
92    252
95    24
342    132
23    99
351    879
223    255
345    285
332    1016
298    496
362    333
214    325
299    378
167    698
119    87
306    744
117    121
178    1051
62    955
365    301
91    351
154    806
314    120
301    511
365    15
145    1077
313    318
189    216
192    127
135    77
293    202
282    302
308    192
188    195
276    746
162    117
13    353
85    792
280    53
111    1024
218    695
326    79
13    137
92    423
71    222
119    1259
54    333
22    403
44    227
11    721
159    546
109    9
235    269
327    144
318    750
277    591
75    271
130    63
16    546
59    516
198    23
334    1315
312    132
24    477
99    963
85    199
151    419
297    79
307    428
72    435
120    9
141    1258
246    840
313    494
251    222
214    236
103    222
94    118
227    276
59    709
363    102
196    663
304    322
230    185
269    50
216    218
268    108
221    129
322    89
271    248
339    32
276    544
131    1
277    748
269    902
130    596
92    183
373    724
134    300
108    181
363    189
344    477
232    498
13    232
288    340
325    1411
330    50
72    644
334    922
320    576
328    443
206    258
184    77
293    55
189    143
368    50
207    150
262    270
286    1503
144    194
324    298
339    693
244    122
42    82
87    1074
130    678
41    170
253    127
267    568
286    277
239    114
10    509
323    203
5    40
213    2
5    90
80    58
63    13
263    245
142    350
293    12
16    183
280    1047
184    478
375    44
12    754
343    702
84    151
373    2
303    249
291    155
94    63
288    13
301    684
244    240
332    271
347    69
354    297
91    510
145    346
148    357
269    387
253    173
92    273
145    44
332    7
189    607
126    322
373    25
381    582
321    8
11    268
276    432
54    237
339    42
212    191
59    1113
125    270
291    46
62    209
379    202
301    182
318    127
361    238
373    1135
277    302
94    420
60    489
16    164
1    14
373    399
194    26
92    181
244    180
90    197
219    303
321    474
66    471
355    882
92    32
23    504
344    87
235    292
367    760
197    321
345    451
21    820
18    195
210    176
286    309
214    313
356    689
221    623
352    216
34    299
298    651
280    499
25    151
92    189
339    478
102    358
168    25
280    420
327    127
328    483
265    742
200    174
6    199
280    449
174    66
92    129
224    223
387    218
87    96
151    503
286    738
168    472
11    9
373    427
235    135
178    465
193    33
373    89
195    1089
389    955
340    265
207    540
249    174
379    520
99    1067
234    210
237    83
7    177
315    504
119    109
254    755
349    847
147    340
316    197
56    189
204    482
118    853
262    237
330    97
169    133
65    526
210    484
293    76
158    229
94    537
293    445
313    405
305    178
174    288
279    1
135    443
77    405
390    990
85    45
109    866
186    44
267    771
85    655
389    1119
210    238
145    5
387    200
130    282
290    193
378    386
174    248
374    735
22    550
264    216
257    100
10    99
20    742
10    194
1    248
299    462
271    44
178    508
301    519
87    7
379    554
96    1
292    288
92    214
75    952
194    744
94    68
137    472
250    71
60    82
387    224
342    58
135    504
160    32
295    602
389    28
393    15
117    1016
334    200
328    291
144    1286
145    302
213    357
245    411
343    333
320    1041
141    288
393    126
296    210
48    423
1    242
130    508
267    642
292    654
385    340
169    127
131    286
316    190
224    282
323    180
264    168
125    198
276    232
392    302
280    102
116    286
130    66
393    539
326    204
308    70
232    191
37    161
378    447
13    391
328    570
7    7
385    129
204    297
60    21
293    504
311    592
301    66
387    198
380    856
342    108
7    550
360    28
276    403
50    123
66    280
325    86
303    742
323    772
101    121
199    117
316    357
336    282
378    549
243    268
24    294
270    1148
48    306
144    181
262    781
64    9
94    685
255    259
275    222
181    25
140    258
87    63
319    302
102    510
209    301
356    328
148    116
141    476
244    1039
205    269
274    742
222    288
6    483
18    170
387    144
159    471
279    1032
397    1019
225    418
67    7
271    744
301    710
379    192
402    257
249    479
7    191
210    257
239    8
56    195
44    717
207    8
335    269
321    736
277    628
33    333
343    458
399    8
42    428
72    581
374    159
348    473
368    96
279    384
110    28
280    1015
151    660
250    477
63    979
85    425
7    501
144    216
320    869
303    1226
88    690
222    869
328    546
367    436
117    772
303    844
354    382
394    568
311    43
321    497
70    89
112    300
303    139
168    323
323    328
297    267
273    319
296    475
210    679
194    98
271    419
230    432
26    476
312    604
64    212
345    284
368    17
346    569
320    54
399    924
208    435
368    320
299    423
292    222
257    1462
323    508
342    1128
234    502
405    521
144    19
12    381
392    293
334    684
389    378
200    929
201    302
393    265
393    136
130    363
347    318
308    611
314    578
92    463
94    88
215    258
214    32
249    24
286    77
7    404
227    19
104    751
10    706
266    313
145    38
227    106
295    1028
354    318
339    770
346    673
303    201
234    21
234    739
232    747
85    568
379    522
370    238
389    492
160    24
81    595
360    251
314    237
145    763
5    385
60    197
297    209
130    176
276    210
175    215
38    79
43    402
185    86
130    226
301    1
268    73
279    940
393    1032
326    655
117    195
341    292
222    840
315    792
230    183
339    347
339    1139
392    285
151    654
207    174
234    1458
361    88
254    97
399    655
44    118
215    216
187    522
336    232
379    284
391    180
293    215
316    1039
94    405
357    334
320    552
271    518
151    792
331    59
269    423
328    76
276    41
7    659
385    503
305    268
4    288
378    734
166    894
303    172
151    659
311    200
279    1047
13    847
330    153
145    680
346    291
216    1010
130    597
56    70
63    408
299    150
19    201
99    402
179    346
276    156
85    632
49    11
238    546
76    603
56    392
270    569
270    509
269    512
268    699
288    237
72    161
334    443
7    126
303    208
66    742
332    831
224    323
343    156
217    231
24    56
201    56
189    79
216    282
256    742
213    132
200    717
180    732
339    135
305    778
94    443
296    121
303    26
387    1118
276    732
298    274
11    194
261    410
196    94
301    105
201    27
295    504
394    227
122    736
385    48
226    98
110    759
312    503
145    79
119    117
319    267
387    1008
378    283
391    97
314    780
290    520
307    403
389    493
94    12
366    218
151    451
285    455
94    969
279    541
321    89
321    647
197    161
89    283
385    253
257    949
184    584
223    409
297    596
145    100
197    79
276    566
279    236
65    435
42    172
297    24
422    671
227    475
18    224
250    628
292    659
174    162
160    475
409    214
393    781
84    879
90    150
201    25
400    895
416    277
102    748
415    154
398    417
363    1010
63    268
308    729
24    100
339    402
25    239
62    181
178    326
329    181
328    322
279    59
276    5
374    28
176    948
197    1228
94    334
62    20
217    38
429    64
389    662
336    1017
38    916
402    127
123    487
291    1219
354    428
186    717
391    474
109    1157
13    420
381    83
44    357
314    1136
383    513
287    276
178    431
92    89
287    291
345    15
38    140
320    739
293    1011
394    232
264    602
320    692
358    357
250    135
200    147
128    265
256    125
343    97
311    387
104    150
309    300
378    939
404    748
271    1
316    14
234    186
318    326
221    154
280    69
360    13
111    333
7    334
91    318
387    431
6    511
178    228
13    519
287    201
303    218
159    756
286    640
38    419
361    517
391    1101
416    895
263    423
213    174
345    535
87    238
330    133
171    306
18    609
398    276
286    766
139    307
36    310
393    49
430    10
373    206
234    1048
320    849
402    151
11    455
378    321
402    479
221    1134
417    1036
354    435
409    995
398    64
283    676
436    161
362    288
64    509
342    287
258    243
197    316
360    127
48    286
387    1143
85    192
373    732
13    651
141    410
72    550
405    581
95    239
112    307
13    673
14    477
2    298
363    9
174    762
272    288
360    963
413    255
58    558
224    51
334    652
151    153
389    517
312    195
193    100
185    15
96    23
62    1012
58    195
423    310
393    1169
409    8
378    121
130    271
72    135
109    388
18    794
201    1065
208    402
344    246
102    5
325    127
360    207
102    530
94    824
406    199
117    1095
393    1053
18    151
256    550
373    514
347    385
406    181
6    189
426    633
308    58
372    12
422    1017
418    304
193    210
342    179
230    140
73    318
153    510
314    1032
311    642
10    603
274    118
279    434
158    530
256    775
320    685
374    552
379    196
57    456
359    313
203    304
135    265
348    100
234    654
395    121
99    748
312    611
338    516
191    272
312    183
429    109
380    135
144    597
198    33
160    544
235    211
57    932
189    1117
245    50
326    98
376    98
130    143
325    180
90    421
222    218
262    365
303    765
217    391
128    284
293    710
18    432
22    195
144    707
223    300
109    546
159    310
290    588
407    493
271    70
393    27
13    449
271    882
418    269
216    168
311    1035
60    417
431    538
278    294
407    238
119    741
303    158
234    588
152    483
185    515
286    275
21    741
262    111
419    173
42    410
325    47
380    1
229    312
411    168
433    173
95    191
442    229
178    241
114    186
62    228
115    178
230    926
297    137
367    258
280    135
119    845
410    286
416    51
291    92
253    89
435    628
13    477
276    578
380    474
450    252
417    425
248    405
20    98
429    162
119    717
378    921
262    923
184    517
325    100
305    527
56    77
393    840
437    1113
312    179
238    258
233    515
438    15
195    132
396    986
314    781
366    184
265    591
167    235
379    23
89    815
303    229
154    479
130    295
173    879
406    164
321    730
347    241
423    15
308    686
176    270
396    977
385    403
71    154
347    127
211    69
224    11
194    180
48    228
11    191
342    815
303    268
5    391
405    28
391    507
14    285
433    50
448    262
334    408
258    272
24    117
343    100
453    246
276    549
354    479
442    129
393    36
361    173
439    13
130    890
308    492
238    298
145    238
198    660
347    98
338    480
390    289
256    748
182    123
258    332
450    1212
345    235
423    898
311    480
296    435
37    265
215    179
222    111
422    477
327    9
286    1504
370    604
336    158
351    286
378    172
379    152
363    403
215    354
327    1100
110    790
30    1013
254    136
409    133
398    176
417    200
299    475
243    137
436    157
7    53
350    193
60    842
377    56
290    515
295    496
204    874
457    366
462    895
417    1550
450    237
215    176
145    688
314    1473
145    732
92    56
13    757
299    606
389    510
48    647
450    778
124    98
215    23
399    93
250    50
364    875
43    278
426    527
106    1028
222    183
64    405
339    269
10    82
426    651
95    532
422    100
59    845
405    949
94    1118
186    1016
426    848
345    196
347    172
323    204
65    378
349    20
269    425
11    370
374    844
381    607
174    1074
2    282
13    550
215    380
312    186
160    844
87    132
219    269
11    70
116    1013
13    889
406    69
437    501
113    323
272    211
374    291
393    317
322    234
42    371
435    204
99    28
30    242
42    427
98    629
234    1203
312    633
407    1118
234    22
474    8
234    1200
327    1
416    10
309    1025
398    993
42    290
334    239
276    153
403    546
215    229
374    135
7    617
110    96
346    572
200    1
188    1263
472    826
21    123
135    173
406    633
305    96
225    566
233    506
298    183
320    92
312    863
249    1012
385    616
406    735
326    136
450    847
59    404
380    134
429    747
402    222
257    269
202    258
299    692
474    68
268    195
265    323
421    657
474    1014
200    495
10    357
22    515
368    89
7    556
320    164
70    496
10    161
456    708
377    358
175    64
332    182
195    558
398    163
44    1
59    56
450    526
308    186
451    243
73    269
222    63
387    463
474    735
346    273
147    313
15    308
232    76
59    205
215    15
165    500
453    566
171    262
219    616
95    892
385    136
458    496
450    200
419    306
100    879
380    736
436    715
365    315
391    64
389    401
87    167
465    50
479    228
307    230
395    210
254    102
416    930
456    963
140    294
468    209
83    66
290    434
457    237
177    806
368    56
474    180
269    357
46    125
408    319
253    156
210    154
442    79
95    183
399    187
249    742
339    257
30    258
467    150
409    97
372    185
23    202
280    232
279    660
387    223
403    866
429    611
334    346
291    285
334    277
427    1296
7    91
385    152
394    132
234    530
120    15
92    1040
329    198
1    68
130    469
95    91
94    401
327    484
389    95
35    261
222    208
183    77
166    984
487    597
263    1126
94    647
291    5
14    12
405    655
401    157
87    575
13    99
401    528
141    815
10    50
393    1074
226    174
402    25
492    1021
381    657
101    845
222    121
89    187
96    7
442    26
109    944
426    191
16    216
450    29
281    333
216    182
235    1021
451    260
279    10
280    925
59    781
318    213
490    1
478    684
92    231
193    269
244    111
406    481
92    200
190    125
330    148
455    647
293    258
11    577
336    94
437    1134
380    770
189    241
234    216
146    258
286    475
406    737
338    654
246    475
207    137
201    171
440    283
494    64
452    173
457    471
450    434
59    216
168    126
271    12
328    739
379    461
234    174
481    210
280    98
6    520
457    699
467    109
339    650
62    744
102    319
291    8
84    294
416    276
399    91
472    181
371    42
488    480
80    100
6    246
429    550
237    357
407    99
110    94
194    357
18    520
201    1428
434    275
405    185
75    845
287    50
64    50
130    262
279    372
59    606
487    932
312    206
299    311
450    174
178    82
276    264
450    1047
130    423
378    744
407    879
94    703
42    582
16    502
2    242
360    1
75    477
83    71
463    285
291    706
59    99
393    3
16    404
92    755
121    479
348    988
423    276
339    99
451    984
484    265
425    257
180    186
12    133
451    682
90    607
109    265
396    829
398    732
464    333
370    285
450    582
264    676
474    77
347    77
64    11
427    989
151    171
419    514
339    317
158    209
450    12
430    288
180    380
424    243
92    71
345    28
489    321
21    675
5    25
495    413
500    665
8    233
151    185
174    451
70    214
299    190
94    475
429    195
246    238
426    605
110    401
145    939
417    764
399    1137
322    156
279    181
493    11
294    307
437    229
500    1047
453    11
506    1046
216    313
474    610
227    324
175    147
430    1347
11    692
168    275
346    944
224    470
159    243
381    1018
468    498
305    631
357    147
6    503
253    1016
239    181
144    281
505    591
466    232
299    300
401    483
130    765
459    1047
268    4
311    176
425    515
406    461
402    124
279    128
267    385
104    257
372    262
326    8
504    807
88    311
399    1184
388    301
221    7
251    33
457    219
468    23
503    194
416    257
450    1020
457    57
399    97
497    274
191    891
405    732
167    318
457    66
83    233
263    202
402    182
293    684
177    92
468    249
425    68
308    276
497    382
336    575
505    245
437    747
169    684
450    1152
343    42
496    318
236    225
308    1411
43    97
58    310
450    94
488    468
62    512
389    90
293    250
513    117
244    521
391    61
454    258
271    127
94    763
156    651
291    33
430    293
280    507
253    202
207    458
280    725
495    56
437    211
308    118
296    79
259    121
308    558
193    781
461    313
96    318
177    11
516    199
358    558
472    365
383    340
416    283
457    282
487    136
466    1313
234    1133
474    234
327    12
277    147
472    1469
278    286
470    221
471    418
193    94
486    123
178    95
213    655
184    512
405    573
416    329
265    298
365    288
327    211
455    304
393    876
173    690
116    306
520    315
122    582
116    116
148    89
279    597
299    484
378    387
293    746
438    866
246    95
472    501
314    1041
393    480
417    265
426    494
233    378
201    238
296    523
298    318
497    82
94    508
497    864
474    196
456    1008
26    181
291    546
416    746
280    765
62    1009
321    83
270    727
500    223
256    185
200    107
227    273
409    478
502    683
450    1041
419    89
19    887
10    692
392    59
483    271
373    143
70    300
347    356
3    268
296    180
275    408
125    705
464    326
468    137
13    191
532    70
91    603
514    402
299    962
398    494
223    591
18    94
102    332
532    369
453    268
339    640
380    699
195    326
269    185
426    524
338    708
426    835
486    276
35    678
479    752
484    94
267    655
144    144
450    611
429    93
416    158
18    480
390    126
313    168
453    68
303    357
372    559
378    716
183    210
497    549
407    208
58    172
178    405
60    835
363    58
448    900
43    1048
499    11
495    629
260    288
60    59
53    546
253    8
346    369
452    234
495    133
417    943
455    257
520    283
97    197
59    432
151    770
316    730
25    143
507    117
495    1110
59    423
276    959
398    274
469    10
472    720
297    258
75    427
41    318
389    234
472    1248
213    405
519    1280
497    1042
256    54
121    628
537    28
325    655
90    651
339    423
305    286
308    522
13    95
311    357
504    693
269    518
527    127
36    358
295    125
427    303
537    46
422    515
329    274
468    132
144    87
233    527
130    31
450    56
370    425
151    378
428    300
220    305
457    380
207    210
201    789
128    218
94    97
275    416
328    589
95    94
85    1170
152    15
168    294
523    154
137    243
254    423
440    271
293    482
121    427
90    19
512    198
504    443
497    257
508    13
506    520
524    193
458    234
293    182
514    344
524    179
53    96
521    153
117    546
299    275
296    199
67    24
249    228
399    747
360    205
308    71
390    742
514    558
276    99
236    56
135    234
521    230
457    96
60    153
112    323
442    628
545    554
233    197
312    684
52    237
514    4
545    132
516    191
308    448
368    217
474    42
347    470
481    524
521    72
295    421
458    1048
407    290
442    12
44    69
312    486
303    328
406    168
437    674
334    425
37    147
455    97
416    916
460    146
233    204
479    523
18    213
504    25
416    985
474    237
104    181
121    313
178    265
13    339
151    131
201    505
328    540
59    403
157    289
454    228
141    298
301    746
535    181
201    95
7    552
312    414
406    519
456    61
288    234
221    79
85    134
329    137
378    632
498    515
328    232
435    637
339    649
459    220
515    292
291    946
488    186
525    300
151    638
495    62
546    928
524    506
315    1065
426    98
454    210
450    132
290    69
249    309
407    28
224    689
453    239
379    153
437    179
545    210
88    1191
12    168
552    13
237    485
151    845
109    449
197    22
267    182
450    1039
128    815
435    473
447    435
507    892
489    334
128    1035
532    515
535    174
230    650
346    358
128    26
536    143
497    748
249    125
234    463
500    1616
301    426
87    172
484    318
465    855
524    284
13    709
550    405
457    218
95    1133
482    295
553    182
313    629
450    474
339    663
495    1183
506    732
243    1465
92    425
487    732
456    101
444    912
424    323
128    692
339    511
211    520
423    9
38    313
519    327
508    109
268    1046
5    95
373    497
504    132
110    340
527    653
68    111
321    7
244    174
504    416
131    242
521    659
480    517
75    111
295    22
77    209
483    286
299    1103
279    60
305    480
339    130
223    993
28    195
318    480
343    739
417    474
465    286
537    459
551    223
274    211
426    332
481    514
33    678
538    237
456    238
554    696
201    180
374    521
160    1197
159    96
246    1028
534    1034
387    663
516    628
92    230
28    56
62    44
389    631
219    258
276    1194
359    546
75    405
381    705
484    56
87    657
497    550
263    315
398    239
523    3
280    284
497    38
274    685
52    151
524    554
16    642
99    22
425    187
458    461
7    286
275    257
537    242
243    1197
444    515
176    328
416    1300
536    603
343    297
545    226
187    428
416    242
393    999
151    761
311    501
239    132
109    1228
533    19
207    55
533    435
308    945
456    42
471    8
125    105
524    291
90    543
498    591
536    133
347    1012
190    313
198    98
38    259
334    163
474    461
472    431
43    79
449    702
279    890
43    785
521    176
506    56
393    588
452    491
484    578
336    100
378    572
399    58
450    153
528    193
234    178
286    179
496    509
174    553
538    956
425    144
540    245
299    732
291    164
545    54
1    147
361    56
558    936
557    8
58    640
495    1119
421    333
505    402
87    127
560    118
83    111
1    99
559    188
243    736
543    15
218    8
497    139
334    221
276    433
378    126
148    151
416    194
343    57
450    484
474    71
450    1033
302    301
100    349
553    604
504    51
450    199
12    591
492    186
436    1468
378    686
91    210
562    462
533    430
416    9
250    258
472    362
299    915
378    99
392    515
493    98
535    42
38    1036
518    100
110    258
560    423
399    282
569    25
344    1142
18    283
587    327
466    385
551    135
363    657
57    181
196    287
551    616
327    301
254    22
194    549
537    237
437    607
305    1512
437    660
420    408
455    317
22    636
314    196
405    939
553    98
404    270
411    566
546    346
498    1142
561    124
104    294
560    13
592    418
374    483
435    762
500    284
70    230
566    83
255    665
582    246
102    187
561    530
297    11
545    636
178    200
579    83
542    187
10    467
92    1018
16    12
435    95
530    178
574    258
59    498
456    185
579    528
546    436
428    334
288    268
488    299
533    96
98    25
540    742
465    180
339    204
568    269
393    905
541    274
59    211
167    521
294    682
59    747
156    772
524    724
213    187
550    300
536    570
130    11
303    979
18    709
295    431
350    210
521    73
401    14
523    575
394    419
58    1012
597    328
54    288
271    276
420    116
498    1131
91    50
391    963
237    489
184    523
268    180
353    340
293    199
76    1006
514    659
579    179
389    179
286    339
545    520
299    1507
500    125
371    523
323    11
432    322
286    40
210    956
334    485
429    732
548    222
152    402
516    181
181    270
501    237
474    380
543    86
414    346
274    125
413    508
47    269
493    172
194    659
591    1099
331    238
544    332
503    1194
514    392
582    250
308    92
116    302
227    221
197    172
319    750
592    288
552    471
450    354
514    1035
523    285
7    213
429    218
500    699
479    266
551    241
318    85
514    42
160    185
136    275
525    276
154    651
482    311
276    239
237    659
474    615
104    273
312    165
537    60
537    772
553    199
262    125
95    1221
496    7
484    135
417    999
561    318
292    528
374    393
553    265
505    265
100    310
416    1226
358    324
90    488
588    144
514    210
560    25
60    185
194    655
248    50
455    1136
607    107
7    80
253    125
270    164
104    456
58    474
455    1
332    470
188    281
535    172
582    750
551    755
353    332
562    720
493    150
595    1134
455    170
328    180
587    261
454    270
151    81
409    98
616    269
618    367
151    488
454    191
271    194
551    692
591    191
593    1035
157    410
508    506
393    926
253    81
347    97
128    651
334    272
532    592
406    693
385    238
568    474
503    498
130    452
579    98
239    150
554    742
532    895
97    153
403    685
538    97
235    522
201    179
538    196
189    166
328    1478
24    357
486    7
119    348
70    99
6    512
422    257
130    427
385    346
346    54
442    17
551    273
527    631
582    258
56    386
208    371
318    269
185    205
336    70
128    1221
446    286
459    19
64    520
476    216
429    209
226    69
94    98
100    347
476    712
378    143
590    754
257    1129
592    347
234    64
327    856
542    411
457    357
605    601
588    143
127    271
416    762
87    323
558    847
554    951
593    402
616    300
504    723
200    423
235    692
13    732
244    50
559    191
234    524
301    51
523    9
465    603
391    646
625    748
315    523
450    192
378    132
500    325
463    257
85    435
516    902
343    90
553    151
532    121
232    166
430    1007
268    630
393    79
308    928
524    277
141    284
379    1
495    496
621    748
421    448
499    657
224    329
601    184
601    496
479    100
145    342
483    109
308    288
145    652
11    86
541    376
125    367
622    730
6    408
433    507
277    124
508    317
125    520
94    173
592    197
498    1070
249    480
619    403
389    525
76    513
486    1272
298    186
312    613
222    508
195    1193
126    300
73    153
622    12
562    197
474    99
586    403
152    133
486    864
343    515
457    425
379    674
60    641
267    826
573    205
244    197
500    381
6    427
361    212
299    23
320    760
553    648
186    1336
99    595
274    15
311    498
437    181
615    179
496    432
184    596
621    33
474    1045
94    281
271    198
224    925
297    174
123    276
492    923
177    292
534    1059
588    623
585    116
442    161
269    647
279    186
169    300
484    239
435    199
429    276
361    694
486    295
587    303
296    144
291    210
51    173
7    194
504    1133
620    121
501    508
640    11
198    132
198    655
622    30
344    198
327    482
158    202
435    392
572    1137
13    639
546    930
214    1073
617    606
23    156
624    748
502    539
214    24
447    742
217    147
535    121
435    183
634    977
536    195
476    202
530    357
14    427
561    708
397    475
506    356
642    746
328    286
279    380
280    1048
618    196
621    4
429    1011
76    56
592    258
138    603
21    289
297    109
361    86
286    1075
452    188
10    513
481    1039
495    705
460    258
425    358
387    496
419    478
234    181
22    109
610    527
151    134
456    71
427    681
246    11
633    143
470    284
635    300
298    205
592    952
497    80
645    69
474    209
648    473
308    239
292    462
450    714
577    808
330    993
393    228
303    109
6    166
484    257
300    288
311    1041
577    655
320    235
16    1
221    181
466    127
536    139
621    208
189    83
622    521
587    873
198    265
606    746
429    91
264    478
284    690
405    356
406    639
256    1046
305    315
280    527
497    651
214    169
539    197
474    789
497    526
81    237
618    210
399    237
311    509
334    303
639    170
599    988
312    1451
303    692
566    856
503    205
606    288
629    9
417    186
295    228
296    1284
463    270
479    185
234    88
601    740
409    461
274    300
226    813
130    895
500    639
394    416
76    172
90    905
537    744
621    117
316    69
290    252
497    510
644    257
588    1508
497    95
293    65
125    300
388    259
363    171
592    345
497    108
13    737
478    168
600    265
474    642
653    50
343    283
301    150
269    192
439    246
130    65
325    650
555    147
344    1
493    181
461    347
6    177
648    105
592    833
305    171
561    228
587    300
311    702
606    421
595    15
347    245
527    531
234    1039
610    1558
621    300
449    310
601    127
518    471
542    588
217    300
474    275
311    101
409    482
457    137
566    213
448    902
268    151
402    475
534    820
312    526
450    1286
270    226
130    531
7    620
260    891
214    516
11    39
610    568
608    673
213    56
312    175
217    222
468    200
593    125
654    558
529    294
601    1079
313    177
450    921
457    553
60    705
377    682
533    756
533    58
244    629
416    181
85    328
141    985
405    433
92    116
503    482
504    218
637    332
201    318
537    735
559    523
561    8
537    458
595    994
125    430
394    238
390    329
624    242
493    48
393    144
239    745
215    517
59    755
592    484
532    164
648    1244
650    217
276    183
392    257
499    127
218    591
480    504
244    71
378    180
604    670
262    1014
62    582
655    205
327    682
312    607
532    501
249    4
417    51
70    429
336    15
650    399
534    274
458    98
655    58
466    56
608    337
655    162
457    209
417    257
416    319
592    919
545    1
373    166
200    483
564    345
660    510
493    65
23    102
437    946
493    12
250    116
542    127
633    234
627    685
158    583
649    1016
457    50
501    1007
524    436
62    380
345    762
615    527
659    607
387    206
450    98
207    435
77    31
500    45
237    134
540    310
429    233
308    614
620    99
409    708
443    687
500    135
493    209
295    265
96    127
665    527
407    201
546    347
501    118
515    258
561    1230
666    1047
389    661
579    238
648    178
460    248
158    238
202    516
627    399
557    892
634    275
126    337
537    644
130    934
224    676
535    205
11    662
392    310
298    604
207    233
640    952
466    995
60    482
385    320
393    775
144    478
474    971
158    367
385    207
398    432
416    471
55    22
416    239
648    497
384    329
567    60
664    118
380    419
500    25
78    288
632    79
204    301
533    12
647    631
654    69
487    273
429    123
59    97
233    100
1    46
589    538
592    963
637    515
200    748
471    50
524    504
589    892
350    183
638    515
399    161
451    333
488    265
504    310
436    26
60    434
450    182
593    815
189    663
619    651
190    121
524    1166
623    234
234    489
235    195
663    11
577    99
602    50
58    249
606    709
344    96
474    1421
291    393
640    195
342    412
552    411
59    672
551    3
666    492
86    269
435    1225
303    23
374    619
287    710
308    321
548    1025
618    71
110    385
655    1208
311    192
476    83
591    86
521    746
127    901
487    191
586    200
654    257
663    471
627    117
521    235
388    288
559    163
625    222
534    756
207    357
406    524
627    86
305    165
542    531
216    216
591    516
665    684
178    679
6    168
606    172
334    887
450    471
655    1169
487    160
629    509
489    325
510    300
621    222
634    14
653    1206
82    7
621    257
537    718
378    479
271    205
524    65
577    56
595    1312
407    132
515    302
41    97
551    157
327    98
623    66
672    127
279    625
624    249
458    980
679    174
661    436
424    310
13    684
521    50
655    1045
588    118
665    65
416    431
686    28
615    529
592    702
665    588
40    876
655    962
128    684
450    497
311    282
151    507
193    218
429    527
397    611
650    629
627    214
411    318
455    9
381    514
487    333
297    750
25    404
160    285
606    89
207    411
584    82
407    96
280    486
387    107
527    209
406    92
532    559
269    631
592    14
198    73
669    23
80    514
218    175
313    432
684    48
365    277
374    172
474    218
490    455
58    98
619    720
312    945
279    61
629    660
638    430
665    24
470    1067
568    638
254    231
94    679
174    178
239    462
545    549
234    765
90    496
295    465
655    698
680    1012
115    176
59    180
513    127
562    416
487    239
257    286
592    305
639    197
279    480
658    458
632    282
343    98
507    750
679    288
301    393
650    692
499    275
389    283
44    496
200    410
643    24
588    164
291    202
249    421
704    354
496    204
648    471
472    928
593    193
542    273
562    402
215    174
479    727
336    780
63    25
650    1065
405    480
345    1281
444    9
398    174
600    510
642    364
655    1649
548    1014
450    316
642    148
566    192
650    286
637    255
435    566
472    569
709    219
233    633
38    401
90    133
609    125
693    1522
372    443
634    411
325    32
474    168
569    979
276    313
300    881
352    39
533    191
159    276
123    23
405    448
632    655
183    202
200    582
562    1039
28    185
480    213
498    183
708    471
334    744
528    402
435    69
452    947
645    403
561    1449
615    518
615    462
684    88
493    71
393    168
643    100
234    301
381    132
642    790
527    498
656    347
22    181
524    492
648    827
561    188
506    195
537    321
343    1008
666    656
646    319
344    71
18    631
561    130
426    23
571    124
713    310
112    751
429    496
507    748
619    258
412    651
613    28
506    802
634    340
347    405
407    561
497    545
682    191
314    332
379    393
347    943
167    655
681    898
633    276
694    195
458    896
561    223
651    242
640    64
393    258
546    322
588    559
417    498
239    921
648    636
290    1035
627    177
627    546
393    561
144    963
446    306
456    9
532    29
334    124
661    428
299    727
471    768
276    67
503    10
450    79
622    380
450    1116
38    1031
450    278
662    6
198    382
372    696
235    1451
11    123
699    983
174    244
697    333
65    69
22    17
678    181
496    98
474    527
699    16
684    121
159    628
557    269
436    748
605    293
588    133
466    144
654    317
716    159
537    199
455    934
532    125
435    673
715    216
538    423
676    271
184    340
291    364
460    1380
344    11
567    603
666    79
648    218
622    1039
426    483
497    597
595    330
698    478
215    56
633    252
495    416
357    473
198    108
188    144
537    519
508    222
87    72
416    840
250    322
716    153
407    193
456    427
655    129
458    597
682    70
497    66
417    234
705    265
676    313
85    657
489    313
450    455
436    265
694    50
551    328
136    127
727    1119
655    656
711    229
716    602
81    186
480    462
659    805
727    125
243    151
655    1642
87    577
557    334
130    475
611    333
653    282
657    1
545    258
152    284
246    1188
436    441
691    294
257    60
303    845
548    591
352    92
629    64
632    404
587    905
305    1
269    509
394    411
483    480
537    83
389    1197
587    340
567    521
559    69
640    249
456    1057
14    762
416    1058
664    64
713    1431
551    331
654    284
505    177
435    448
178    435
682    748
393    949
223    535
392    345
233    318
236    97
376    328
100    900
717    268
383    134
606    157
271    747
514    435
593    140
537    32
672    864
653    449
271    956
679    169
579    82
280    71
343    7
237    474
213    69
671    298
158    325
245    300
268    208
734    99
354    109
363    210
659    636
533    747
655    806
592    150
460    242
321    357
716    97
710    116
7    575
538    385
590    125
507    333
661    238
697    754
478    616
342    327
634    762
82    1078
648    407
699    495
621    763
739    359
605    1226
230    588
10    708
603    1483
648    238
378    674
577    191
734    98
608    136
95    216
644    291
646    1237
600    22
654    963
718    591
357    760
546    234
690    64
488    168
629    984
429    654
606    194
315    324
423    299
749    366
198    131
552    25
32    111
66    825
394    186
669    517
747    108
1    156
629    15
293    568
13    510
334    91
548    1016
579    211
545    199
389    615
251    60
719    281
747    23
716    496
458    644
664    778
654    116
577    728
726    845
724    937
722    118
657    475
528    505
625    483
268    294
747    223
452    180
707    705
392    303
416    42
750    286
712    498
378    509
632    705
293    780
676    144
271    474
601    153
756    367
388    100
531    245
399    289
658    151
392    272
504    447
241    268
699    307
636    1
711    476
543    161
453    164
593    174
500    211
504    102
664    462
180    739
406    480
168    405
90    340
501    342
152    121
653    550
747    486
747    1375
606    428
639    300
678    7
128    404
521    655
622    217
711    692
715    174
714    121
102    73
653    204
139    288
59    179
49    85
655    1140
440    198
634    1142
436    790
747    116
524    558
405    173
682    204
586    1273
561    956
588    959
532    267
592    193
7    238
555    121
458    117
416    66
405    420
567    653
551    747
715    58
352    86
37    405
488    50
757    100
244    1119
264    93
514    169
562    118
551    44
297    32
411    228
323    1012
619    127
13    346
296    1007
709    265
450    500
271    202
543    252
291    204
593    15
394    73
664    708
731    192
398    403
683    308
757    569
708    934
189    990
529    682
343    582
489    678
455    292
393    1337
655    612
92    245
655    320
743    15
717    980
518    476
503    319
497    70
425    200
320    946
606    91
75    831
561    157
429    288
173    995
416    1053
416    849
119    1016
659    23
701    333
680    121
464    302
385    520
435    250
200    95
373    705
566    288
119    137
627    582
286    741
487    1440
666    177
467    1
158    283
59    622
466    327
440    300
716    1
275    434
286    340
640    210
707    903
731    487
393    51
699    1143
532    570
308    17
369    346
622    949
676    482
137    411
699    991
31    271
751    250
145    31
655    1466
276    218
488    207
664    603
611    313
655    288
276    28
271    504
542    864
13    160
215    692
690    88
666    168
669    347
642    403
399    1170
92    432
758    288
712    4
560    847
437    705
535    87
340    66
334    169
7    594
357    411
744    963
72    233
293    527
497    164
527    657
152    278
717    222
474    478
220    269
758    224
737    180
453    959
172    124
219    223
619    302
95    405
731    216
624    123
663    316
761    1197
616    873
664    180
314    717
738    63
477    237
754    284
588    578
682    87
18    957
715    789
59    187
233    50
92    789
506    699
723    174
249    7
566    582
401    748
15    328
699    24
618    501
25    463
643    168
415    185
184    692
276    790
711    694
393    644
161    284
710    50
398    588
655    221
115    279
618    203
738    969
462    292
452    462
353    750
332    452
567    188
746    184
297    42
145    329
500    1385
743    100
708    690
409    1369
320    572
409    303
122    1119
456    180
435    83
630    288
747    211
622    184
770    875
546    447
540    281
773    639
90    1196
777    357
313    385
484    275
694    1203
345    204
535    558
778    7
630    620
616    347
313    519
264    789
751    419
749    550
379    414
299    7
488    493
548    642
420    14
437    692
276    225
749    238
530    487
664    427
607    511
698    194
720    1062
748    174
372    875
159    829
711    1118
439    100
676    257
606    195
472    82
654    54
542    418
450    869
472    1034
462    100
727    204
721    70
655    345
555    150
679    132
795    117
619    183
450    476
518    544
577    151
664    132
293    427
474    792
780    202
741    77
194    89
487    356
447    209
665    143
758    64
790    1063
437    709
102    431
524    238
406    218
696    305
684    1283
312    23
85    531
559    257
374    742
650    496
554    819
606    48
703    258
592    925
398    186
750    306
561    195
707    730
655    87
94    692
758    752
402    237
640    1228
713    307
791    289
650    434
642    143
486    117
93    121
606    151
733    121
758    373
367    184
731    504
411    230
480    863
2    237
711    40
803    286
802    294
118    672
670    232
551    739
773    188
475    902
712    842
666    517
430    19
56    732
450    608
689    7
792    111
642    1311
775    286
593    660
642    376
290    1
735    628
600    96
497    552
434    111
601    143
712    660
800    127
663    1048
630    975
766    366
795    100
661    272
497    797
59    504
754    819
488    190
567    47
671    597
573    50
521    240
606    647
236    117
587    332
642    463
347    977
85    173
588    184
506    42
392    244
623    194
670    480
660    774
591    517
15    220
216    64
782    246
407    135
690    376
143    326
763    258
391    173
493    890
707    191
281    289
682    549
591    1028
416    8
91    657
699    929
378    269
551    324
475    70
796    742
59    684
486    10
699    252
539    487
374    225
601    156
711    401
654    385
711    50
706    1
592    98
327    160
268    156
704    302
798    480
16    172
425    520
663    31
416    295
748    135
325    529
489    892
561    367
399    15
342    381
540    508
561    276
586    127
748    514
556    187
627    96
468    100
711    248
617    219
642    90
497    420
655    1501
6    425
749    951
752    288
450    1521
806    177
561    2
712    739
821    742
130    944
576    248
263    133
758    480
796    576
818    302
795    407
805    576
435    567
517    333
391    483
742    181
699    1615
658    32
303    144
615    428
568    242
715    318
303    228
59    644
788    403
655    1421
508    196
663    127
561    22
650    631
772    326
554    405
686    176
769    546
97    186
655    955
532    498
715    172
543    709
773    433
360    1039
567    183
763    196
625    516
25    929
62    652
420    270
795    675
270    123
671    12
536    736
645    73
224    328
15    237
268    230
660    64
611    334
807    1444
221    184
371    504
373    390
501    952
692    127
804    664
592    188
774    1305
758    428
387    789
527    183
560    321
430    152
682    238
586    69
790    109
795    80
234    286
612    300
38    144
345    280
322    127
521    95
683    56
650    735
678    282
132    285
407    274
655    1632
85    735
597    127
537    116
330    1035
109    527
233    478
694    692
588    471
101    826
56    62
684    710
814    656
795    219
661    79
634    137
90    527
577    111
770    546
807    193
805    422
823    739
345    886
655    1553
665    405
476    173
727    202
207    423
751    181
649    323
804    210
540    455
666    234
18    175
2    100
477    722
667    880
624    358
456    1009
536    168
249    242
487    100
221    405
381    443
177    7
640    369
633    289
772    321
644    1025
347    293
421    187
838    298
506    642
737    127
659    316
206    310
551    147
625    380
529    258
680    100
5    121
771    707
152    775
629    327
719    532
38    410
648    127
716    49
805    89
621    28
605    528
437    507
366    200
650    134
85    135
447    156
324    327
615    209
816    343
814    185
833    483
766    520
643    663
763    658
545    578
746    226
393    939
6    242
830    69
632    156
145    642
805    248
399    380
128    179
401    582
198    50
144    234
708    147
640    68
705    226
607    474
752    270
290    257
286    728
487    692
804    215
379    339
655    133
764    323
592    293
81    276
668    271
751    405
336    628
737    427
466    55
757    203
474    326
474    530
804    135
730    15
729    879
711    185
632    161
758    253
690    216
242    740
720    333
682    518
656    338
837    476
606    1010
471    465
551    288
256    546
727    210
772    307
758    380
62    69
5    374
514    234
462    866
829    192
796    322
327    367
567    134
472    546
796    29
788    781
60    209
699    23
125    111
506    393
550    294
437    478
396    121
267    92
650    705
622    1181
843    238
782    987
332    31
429    101
488    304
533    471
763    195
455    118
442    154
660    176
747    588
790    786
625    405
231    50
796    520
639    216
823    475
746    399
221    259
763    507
269    663
760    162
828    921
835    157
561    494
472    109
826    172
593    747
757    241
666    436
500    762
815    623
528    83
500    780
796    98
643    824
805    1232
837    225
342    216
758    100
606    103
528    294
642    231
318    40
407    127
402    276
671    117
94    464
689    15
637    291
271    493
645    216
660    272
757    1188
286    1051
854    979
397    286
793    150
715    591
655    531
620    409
293    245
858    331
92    307
794    221
130    1280
432    248
782    326
388    591
722    307
533    408
378    708
633    333
804    157
751    168
617    675
807    705
465    7
854    87
747    302
566    165
639    12
160    61
852    408
117    410
592    332
493    124
727    680
443    313
707    956
312    610
682    218
648    168
749    245
308    182
707    602
201    212
690    234
846    136
340    15
846    1411
389    588
355    329
537    474
59    633
585    1558
805    603
417    810
605    357
790    572
782    1379
412    150
268    178
744    238
22    89
667    192
764    1221
606    471
707    900
529    322
373    213
863    264
766    493
856    258
625    23
826    1219
81    1059
804    568
434    151
661    684
710    192
167    615
669    12
543    94
506    684
798    270
403    118
757    423
798    1517
279    864
489    538
293    528
276    443
645    134
474    131
727    775
293    663
634    741
711    1160
851    527
560    181
851    172
650    181
756    325
775    343
664    71
554    1042
867    480
846    651
385    1022
391    48
405    202
786    191
825    741
846    648
659    524
373    941
562    435
588    443
717    405
158    232
575    321
846    193
305    486
505    604
597    111
715    1047
440    272
541    676
823    229
771    542
462    136
373    194
2    127
495    202
862    505
290    596
468    180
106    566
648    546
265    282
875    772
747    509
349    276
727    156
130    739
664    588
711    191
160    1134
443    294
160    150
32    268
442    55
558    286
620    769
866    319
608    283
497    1077
276    257
478    367
444    258
560    132
790    211
401    181
410    905
458    509
711    173
454    492
766    168
280    584
648    678
804    125
746    578
844    627
692    249
95    51
417    125
731    478
468    1
747    265
862    193
342    654
378    317
305    863
641    305
532    226
393    58
677    748
748    699
852    151
311    570
650    661
254    441
130    1
113    257
393    373
710    89
378    566
702    229
655    773
851    742
210    1028
606    168
833    657
394    22
577    54
489    890
450    499
334    707
830    126
698    433
800    304
825    1117
476    73
715    128
749    934
689    763
844    154
821    1084
721    330
567    179
535    492
184    403
231    313
691    524
92    304
694    23
872    258
514    202
188    199
693    193
414    690
416    657
198    518
624    14
846    520
294    273
837    15
267    98
206    682
299    72
778    174
788    579
707    533
417    182
582    257
11    699
514    25
829    153
505    1039
799    258
295    50
846    1050
660    144
334    521
393    1180
784    321
883    144
128    319
810    294
727    27
59    480
807    252
502    264
506    542
730    742
622    1078
768    300
347    204
435    447
457    194
798    493
782    1007
629    504
38    243
639    747
149    272
664    631
776    706
745    124
393    996
883    727
835    458
878    692
863    1062
399    66
847    658
456    127
830    99
58    1070
360    521
808    271
708    126
693    708
804    932
144    9
663    1
659    1203
833    640
663    1086
274    318
520    690
434    225
534    331
640    70
200    378
594    483
409    14
747    481
292    115
796    233
597    1
709    628
50    547
886    175
56    280
882    409
758    183
833    28
243    283
705    22
525    257
529    749
727    431
207    871
883    407
846    83
843    121
738    229
650    402
828    61
587    243
643    356
472    161
860    211
746    144
826    820
422    867
883    516
429    411
692    294
871    895
25    173
222    575
664    191
669    1
497    472
184    640
386    127
592    48
863    315
622    70
552    294
749    133
387    475
609    877
659    134
638    685
666    319
751    95
829    237
716    473
739    1431
883    239
867    96
789    9
650    316
661    433
710    496
663    1009
561    1018
128    381
522    11
757    232
887    931
756    1
537    76
891    546
634    331
854    86
145    636
810    331
880    1291
894    405
69    172
749    742
425    522
174    724
312    14
877    60
530    333
1    4
468    118
804    188
524    823
484    449
767    222
844    50
805    151
492    45
655    269
77    28
268    25
655    520
876    48
886    232
301    294
660    385
393    344
864    163
881    135
864    222
637    121
298    526
844    318
731    648
640    496
691    631
846    1101
57    117
755    311
842    268
764    866
861    86
479    526
582    1014
889    73
372    674
603    216
51    181
727    435
764    15
399    181
851    313
711    241
561    675
705    720
758    273
690    554
507    250
547    289
846    172
897    597
796    183
758    33
889    655
795    386
149    245
728    285
758    780
846    606
194    657
561    70
554    204
458    129
894    302
417    172
655    1256
829    855
840    285
484    274
750    288
561    87
283    91
718    1047
698    172
826    11
779    195
878    71
833    558
457    378
719    293
682    151
889    402
705    99
727    5
805    725
188    194
664    702
189    433
580    348
145    222
784    898
868    101
776    635
761    471
821    763
889    1074
619    808
886    7
883    194
487    546
871    337
764    289
874    321
812    748
896    48
854    535
226    513
592    172
468    297
659    97
468    153
543    515
836    659
643    42
855    60
634    322
796    38
821    318
750    879
187    186
18    716
456    1081
868    176
221    578
669    133
769    1028
44    756
752    327
94    568
458    238
178    51
814    219
165    187
113    292
526    333
711    423
497    432
407    186
835    237
632    11
469    507
716    99
450    435
334    689
334    186
749    576
537    1445
758    421
363    393
395    100
889    211
868    179
702    538
577    663
472    79
663    655
686    527
493    118
823    184
847    168
505    495
18    419
885    596
800    1047
18    714
862    175
434    476
821    70
806    195
582    235
741    15
334    150
684    100
177    183
606    806
851    123
870    789
638    435
839    292
916    1428
887    181
137    118
897    393
468    952
692    326
764    99
905    258
457    628
292    603
172    23
862    199
834    343
373    177
416    451
642    1179
807    231
825    491
804    406
859    846
28    230
534    333
835    354
660    135
423    750
416    690
640    761
535    529
793    696
875    501
757    546
840    655
269    657
429    514
416    238
318    216
457    469
392    347
884    166
200    720
716    50
639    923
773    1097
889    498
717    125
536    489
514    95
106    162
650    472
901    78
705    685
642    386
311    76
758    496
897    151
848    428
688    304
429    1020
738    662
739    187
864    64
843    252
805    117
627    849
830    241
201    182
207    763
751    2
848    588
749    404
258    294
504    307
65    111
427    289
870    131
13    862
766    177
883    1
263    662
757    343
703    118
187    300
654    114
913    357
875    651
592    60
775    312
752    346
859    1061
882    526
790    188
630    193
838    275
757    751
712    173
385    182
761    864
537    647
747    56
842    270
828    340
698    486
870    520
177    307
881    478
822    408
507    538
758    533
887    99
883    64
174    648
655    214
574    344
838    271
916    1335
582    597
455    269
679    154
230    117
683    906
820    316
932    435
807    657
608    70
620    1036
786    708
506    95
880    65
497    90
790    762
566    443
854    604
661    1035
13    211
661    140
682    258
301    409
455    213
758    462
916    1135
234    629
749    185
497    62
553    181
896    423
541    66
746    172
328    69
625    408
630    550
262    132
934    50
228    286
61    751
828    270
694    663
519    1295
665    660
911    174
854    176
130    257
707    949
819    268
885    418
938    864
774    1218
868    524
924    523
909    582
160    213
271    654
295    1
899    218
775    329
874    289
878    15
745    427
882    222
632    143
788    661
894    83
592    482
696    427
625    235
771    408
548    181
940    272
622    162
1    42
830    2
846    190
321    127
758    526
835    527
848    89
897    477
194    79
305    318
924    127
825    293
681    1176
698    96
442    433
933    64
880    1053
863    1679
870    395
621    432
846    654
877    566
940    66
885    173
798    603
926    286
320    185
794    269
686    173
907    317
591    306
551    226
592    176
878    496
901    929
940    873
416    550
379    7
840    515
360    223
864    2
895    181
684    158
460    1067
788    281
671    265
911    485
311    705
872    363
699    370
846    554
665    473
521    754
938    313
171    270
894    690
851    301
474    924
533    226
339    218
907    825
244    58
845    268
934    177
600    232
435    721
894    355
918    428
311    96
694    1269
848    633
897    951
824    322
511    300
465    48
11    401
886    746
768    471
864    1217
702    230
801    300
672    109
788    1518
791    181
786    125
102    947
618    420
764    294
932    229
922    395
178    194
647    15
312    661
894    346
275    473
577    1044
907    828
128    633
647    237
929    419
79    515
492    514
821    509
474    197
752    316
85    281
806    153
99    172
751    578
593    732
823    239
453    215
551    508
393    96
562    174
868    455
886    150
905    150
643    72
665    410
707    603
921    72
159    299
271    203
573    216
854    134
894    129
316    716
37    210
693    298
923    148
738    434
13    722
804    206
821    79
332    471
464    255
370    427
897    222
846    786
894    283
429    200
796    155
875    1422
798    1023
773    655
639    655
867    511
764    1028
309    879
894    479
830    226
936    340
753    242
681    328
832    323
79    276
942    347
835    612
919    57
747    179
707    736
922    227
5    239
487    399
896    479
428    894
894    558
409    1020
119    298
339    506
854    135
649    24
234    694
747    31
711    660
898    324
293    513
365    237
542    420
804    768
890    479
519    333
715    1
303    405
639    48
940    181
131    287
795    710
650    118
864    588
844    251
698    173
682    451
883    455
119    473
207    211
796    709
629    210
637    245
59    42
766    604
913    82
823    566
510    299
846    612
889    194
354    896
891    1197
324    763
457    222
72    642
826    127
551    111
878    274
881    11
864    94
621    780
455    435
932    652
115    772
721    199
641    1039
885    419
489    245
933    399
417    4
460    100
693    159
394    651
577    470
890    435
655    1070
314    365
13    746
303    401
941    124
699    283
92    1216
2    289
246    447
338    517
474    655
896    135
940    56
178    161
658    735
913    475
329    50
795    705
45    742
871    896
843    590
823    64
624    313
924    836
870    210
921    132
417    185
788    187
646    678
292    181
892    187
586    172
564    117
551    415
655    2
514    81
694    606
648    810
662    10
715    658
639    162
592    895
788    380
639    786
189    1056
836    258
821    1060
886    288
361    443
550    181
881    230
863    691
606    156
151    611
451    886
391    322
454    367
747    945
710    95
146    269
747    189
833    642
70    678
577    96
881    356
766    196
823    98
666    435
741    781
447    257
914    736
201    692
303    1097
532    495
712    61
784    310
537    124
870    185
865    189
655    144
693    48
360    879
867    475
416    421
823    474
615    180
669    408
721    1265
923    174
474    671
702    222
816    313
919    268
534    7
263    484
360    285
342    763
595    240
898    751
632    451
280    866
347    95
576    210
880    327
690    655
846    663
544    313
902    333
561    162
618    660
897    199
894    170
566    156
748    515
67    756
727    228
630    1
897    193
887    38
716    199
761    293
881    432
694    510
925    682
621    313
930    763
911    501
854    463
925    56
198    343
936    927
591    866
536    148
893    1218
128    69
683    307
524    1046
6    468
95    250
190    258
524    4
807    313
643    156
406    602
474    284
793    282
443    333
470    319
505    724
662    275
841    678
707    137
468    963
144    284
690    763
896    89
840    300
886    384
607    494
783    881
497    169
530    1226
500    151
535    566
437    606
830    211
592    268
833    30
758    227
810    288
428    754
47    304
551    655
288    98
747    304
551    531
663    1011
378    55
871    313
387    109
883    322
786    28
903    177
871    750
711    921
276    12
682    628
435    181
447    12
844    144
707    64
116    298
847    216
738    231
409    180
488    215
843    566
324    125
504    729
462    655
450    172
889    190
890    489
545    175
532    739
174    99
393    288
709    431
64    234
804    432
791    9
889    97
736    286
880    405
334    1202
805    772
648    197
572    14
184    238
134    269
763    730
665    126
887    926
758    1143
823    8
201    770
711    116
429    25
711    180
931    515
364    268
288    211
707    921
775    690
682    184
717    333
921    422
368    448
279    805
372    326
751    144
622    721
620    323
655    912
903    281
749    1139
918    170
73    197
402    95
881    121
923    117
887    1033
833    96
934    88
677    151
729    313
717    685
645    191
751    399
576    294
650    493
911    102
735    277
13    174
712    230
671    210
912    318
727    393
761    358
90    192
671    679
156    655
808    286
772    323
545    431
450    118
694    630
887    763
698    143
910    289
532    87
894    327
581    222
848    25
625    294
249    408
452    945
655    1646
872    763
896    721
655    874
867    183
592    15
666    310
916    22
862    228
785    183
770    326
586    183
770    328
666    213
499    173
388    672
683    271
807    133
864    181
733    742
942    500
605    619
653    161
848    501
581    475
892    88
690    208
679    322
274    1051
823    173
486    408
744    9
751    382
938    300
795    257
303    514
862    597
931    312
408    272
805    568
737    11
721    991
716    208
891    25
301    69
698    499
429    596
655    411
914    692
1    43
865    294
697    815
862    462
474    487
710    135
452    481
703    300
864    191
641    134
829    124
325    616
363    12
655    742
239    633
597    688
379    185
747    12
561    79
891    459
5    367
324    339
463    19
479    357
395    127
697    1047
721    245
669    132
630    121
528    258
389    524
312    213
152    283
694    836
500    582
934    1449
774    196
901    140
639    604
885    151
210    168
145    742
919    285
664    182
835    196
889    121
749    291
802    302
883    464
605    371
218    514
833    381
505    144
222    446
921    892
853    264
536    427
773    185
640    391
749    135
666    162
903    186
373    529
798    692
922    183
503    949
447    276
548    762
351    895
743    326
442    89
903    1070
379    435
738    517
863    340
488    486
822    111
758    654
521    246
248    79
921    125
737    64
805    122
119    31
458    76
326    568
406    282
415    258
880    188
409    657
271    566
877    111
883    461
85    141
56    238
773    6
654    597
894    14
889    721
887    1116
733    696
587    331
773    462
892    671
906    15
767    242
552    977
887    69
222    101
606    282
916    235
943    794
938    181
327    47
848    474
802    563
274    237
192    1265
776    28
167    606
271    496
879    222
557    252
758    531
659    135
682    925
445    1129
682    250
118    317
333    483
610    51
899    239
793    823
606    844
864    43
537    347
592    123
556    319
806    156
774    202
899    710
766    187
690    186
694    483
450    702
932    114
736    253
870    505
504    928
716    404
189    525
727    470
711    427
758    1012
611    882
648    826
10    430
889    511
379    234
303    47
867    651
773    209
892    496
758    580
727    328
170    294
648    472
758    218
484    176
860    690
787    319
696    520
432    282
886    239
795    89
296    276
864    86
422    218
38    35
800    289
216    210
738    189
276    334
932    1205
524    1048
727    55
749    215
478    393
709    1059
454    486
546    379
885    588
663    978
425    854
592    235
933    132
848    357
889    252
916    49
31    1019
851    455
616    748
894    979
934    389
500    740
566    134
719    220
896    209
782    299
655    1149
805    1014
269    432
503    224
271    729
932    657
650    230
698    9
77    199
331    160
749    72
805    50
833    923
784    323
815    57
650    431
345    462
332    411
889    1113
710    432
933    385
929    318
580    50
886    66
901    395
815    136
796    500
712    423
639    204
880    176
250    154
746    568
805    118
151    423
835    210
590    248
650    88
924    285
548    950
870    658
540    13
417    230
789    742
94    637
554    526
805    522
524    194
409    1346
829    515
666    654
583    519
875    654
119    316
561    178
360    258
449    639
354    65
932    648
498    423
638    117
13    799
450    750
807    566
706    9
812    881
795    550
766    69
234    495
650    193
538    162
592    1011
59    24
435    405
727    240
189    511
867    657
864    29
805    709
727    168
769    111
754    922
805    190
877    333
712    67
932    778
189    588
746    82
802    304
901    523
386    118
932    274
650    235
450    1107
697    343
234    148
308    180
577    403
637    282
512    1238
532    8
286    1060
934    663
406    130
892    570
787    258
807    550
863    262
557    165
846    404
342    114
764    64
795    231
168    273
363    302
330    423
256    977
552    121
568    653
456    289
804    720
716    121
943    94
894    306
932    676
796    553
612    147
608    479
497    433
177    327
805    123
774    188
233    647
926    289
901    135
747    285
247    58
650    100
803    306
835    186
778    82
790    664
504    181
560    405
870    77
601    479
250    183
301    387
379    474
894    886
931    347
645    98
174    781
508    451
871    92
751    559
367    185
95    73
405    468
549    748
501    222
850    648
788    685
406    197
798    1139
833    671
763    100
561    186
380    480
299    241
938    815
830    588
616    258
541    393
450    597
288    205
907    934
815    176
503    197
758    510
724    938
854    195
933    73
943    1188
804    70
551    1136
760    631
881    90
829    1193
406    670
833    589
699    246
269    187
407    176
796    78
128    531
738    164
543    234
551    196
450    489
833    515
684    50
90    479
825    363
345    86
773    455
804    1489
456    544
918    631
72    215
481    199
312    1172
551    1439
773    919
394    742
464    515
919    218
830    474
299    640
420    127
640    182
429    808
790    214
795    175
698    202
269    132
450    696
457    175
730    257
897    265
577    1219
655    568
846    751
624    93
843    174
885    79
870    328
64    275
727    274
271    181
716    609
922    217
85    9
846    559
807    541
919    794
899    655
308    392
279    321
918    856
848    478
429    235
117    475
318    134
855    529
407    659
854    924
495    576
579    234
514    157
735    515
338    86
943    54
786    285
532    426
327    28
614    276
911    483
566    20
854    64
7    11
586    265
194    710
79    275
881    357
721    880
7    632
624    246
828    26
503    66
799    292
738    141
581    7
804    177
875    289
901    520
102    511
848    498
339    9
756    50
735    288
660    449
911    183
875    195
686    299
751    173
848    663
889    642
867    474
378    164
932    661
883    740
160    408
624    993
727    191
660    173
754    291
889    471
938    1028
748    114
163    326
882    756
483    515
480    302
916    1401
804    637
751    431
373    684
893    820
664    356
486    883
815    402
454    498
551    326
747    504
747    732
900    483
752    900
532    447
566    496
805    436
495    1188
711    662
688    1127
154    641
676    892
741    682
442    172
877    727
262    216
381    196
614    293
889    85
896    836
929    480
357    283
198    204
795    169
659    476
780    520
488    79
24    223
846    514
671    546
916    1220
865    148
653    191
620    82
870    265
126    286
438    301
749    429
776    674
788    180
566    693
648    585
715    176
864    735
56    636
893    815
886    1267
579    210
864    25
886    202
651    127
698    435
758    223
846    11
388    294
738    550
882    132
793    240
782    1668
345    980
332    350
865    847
380    196
311    131
899    121
936    118
741    1016
788    879
747    655
792    596
234    655
11    356
907    520
825    871
95    671
112    888
224    924
840    519
313    176
315    163
886    81
865    455
905    116
807    1039
833    79
942    1028
876    289
361    202
667    9
665    255
643    67
796    269
421    269
91    300
730    294
321    419
896    1194
833    1386
849    234
428    288
343    22
682    732
925    245
641    270
640    591
301    258
132    664
560    121
709    273
864    472
747    154
43    73
496    426
815    71
305    663
763    224
894    508
16    480
862    647
922    274
934    506
411    79
18    604
497    743
829    286
807    831
440    462
74    331
94    474
216    129
752    751
887    22
917    287
707    632
756    1149
938    298
796    265
840    661
632    523
49    652
757    576
790    928
864    239
510    748
883    1448
561    507
308    223
919    558
94    86
796    54
880    238
774    183
551    385
806    408
870    168
592    971
903    47
257    285
708    993
862    520
747    136
694    474
537    702
839    264
178    531
437    196
880    1446
200    22
872    892
513    739
790    159
528    526
802    217
422    563
907    1326
673    310
216    134
575    357
916    55
400    343
880    38
234    662
379    265
487    70
831    284
585    557
411    89
92    926
521    147
840    616
119    196
715    273
1    204
466    4
534    685
843    616
610    607
840    14
707    1021
802    219
883    257
327    466
671    511
541    812
868    640
468    286
815    1299
887    755
707    197
497    774
742    294
867    31
342    182
657    117
821    111
445    56
833    1428
716    498
530    220
533    227
406    631
492    153
500    289
611    305
536    28
928    1025
716    735
733    1011
790    70
648    684
892    274
436    144
186    331
650    579
99    294
1    3
707    718
466    909
396    271
307    109
655    295
766    972
891    742
458    338
469    607
535    693
593    49
645    955
49    789
773    730
843    172
693    632
751    332
899    111
880    1181
592    975
624    235
747    582
805    452
504    503
904    288
881    209
690    993
840    215
863    344
846    234
897    323
790    4
7    12
395    21
633    871
802    879
846    602
326    493
838    494
504    973
847    98
698    481
724    269
292    472
936    975
870    178
62    509
817    455
92    1194
313    225
537    960
939    118
447    22
894    236
822    169
851    823
481    191
311    511
877    228
896    250
862    515
943    318
827    748
829    408
766    527
643    603
916    219
883    211
722    130
843    181
232    744
848    462
491    408
931    316
262    655
924    31
394    77
815    629
462    181
468    432
169    525
664    705
655    157
819    345
456    56
344    463
313    576
773    50
618    418
864    993
902    228
601    1039
535    466
806    419
489    984
328    810
788    322
839    127
535    132
921    1016
757    64
749    1136
145    269
233    135
830    550
629    268
613    530
804    328
790    268
716    949
643    780
406    1109
835    509
542    88
13    60
5    380
941    15
393    250
72    237
795    425
798    418
363    127
189    489
901    866
925    876
919    332
856    294
904    237
87    685
871    1386
864    542
815    625
850    69
766    436
109    56
650    211
892    2
933    1110
916    511
691    304
934    132
429    180
292    228
871    1072
851    298
823    418
837    9
933    230
741    451
936    1008
435    249
932    14
807    373
254    143
796    578
893    928
707    770
201    806
627    53
619    33
717    887
870    58
506    521
903    461
851    690
450    601
321    526
372    7
661    164
847    1
254    241
530    237
230    423
130    17
457    47
842    752
435    412
625    300
280    403
94    248
883    347
825    100
537    204
552    258
568    1137
521    203
757    17
233    180
663    676
154    475
927    420
534    288
786    281
716    300
682    23
748    7
782    304
892    56
757    250
494    323
508    228
848    238
484    14
405    181
407    85
897    168
81    79
321    659
863    304
942    659
747    199
671    11
655    1578
201    697
58    56
878    174
804    632
864    203
727    186
145    234
340    969
634    744
403    476
416    620
173    258
18    187
848    973
734    485
727    230
932    173
764    2
606    1
887    559
887    7
620    931
691    182
592    24
887    151
840    639
299    381
932    708
870    64
273    286
262    204
894    334
567    182
104    328
618    313
848    403
833    429
701    124
785    661
888    191
327    217
916    204
840    525
436    1248
936    1011
346    658
771    169
90    847
880    17
13    671
278    302
791    304
460    151
806    675
543    59
42    755
881    1
760    375
429    607
408    310
932    480
913    151
789    129
877    159
605    523
890    132
759    50
429    98
893    11
661    96
524    657
397    357
207    45
709    959
778    712
749    140
887    1120
892    67
871    216
472    554
880    31
918    166
934    516
198    128
805    150
918    485
633    94
715    155
854    799
748    655
870    177
798    1043
203    628
551    200
881    561
486    1143
782    1664
637    300
908    123
846    70
535    318
816    260
833    679
296    246
933    228
834    284
804    949
882    183
330    228
901    391
800    476
551    333
862    568
710    357
387    173
344    473
942    71
804    159
459    932
903    824
798    785
789    100
271    174
903    156
927    29
772    1025
201    1166
851    180
880    53
796    1197
722    405
939    15
618    88
521    183
930    282
805    942
914    381
661    496
450    521
536    1
892    135
18    381
629    276
537    676
660    429
524    56
434    411
407    443
763    133
502    323
749    621
776    318
429    746
848    504
636    106
101    472
880    762
910    300
805    111
378    569
821    95
58    730
694    172
721    268
354    744
896    662
883    900
828    331
924    144
592    315
587    1625
1    59
378    588
38    1032
503    116
701    312
57    1
875    462
899    173
913    428
932    163
875    288
907    225
921    172
895    117
442    928
773    1555
894    472
738    271
868    191
2    275
297    724
846    302
617    674
622    69
83    944
1    52
795    412
332    64
825    407
864    145
940    482
933    194
880    1093
795    81
881    322
456    94
291    405
940    301
125    67
663    975
567    197
534    300
783    880
495    233
701    292
625    50
868    631
806    174
871    342
870    657
328    385
645    23
897    181
655    515
932    517
391    435
910    12
832    288
708    117
727    163
757    405
577    1035
833    1187
793    237
851    1095
854    42
923    1011
910    313
504    667
612    476
401    429
648    740
30    319
468    124
935    274
592    762
566    660
1    88
709    118
363    28
751    213
919    1014
897    141
921    392
871    289
691    692
903    12
918    165
807    421
655    1090
757    825
788    742
901    739
281    300
373    231
321    942
802    201
805    729
924    172
269    268
456    217
823    735
885    174
92    418
6    8
314    1225
773    23
862    250
301    755
727    144
336    393
848    512
175    566
942    99
908    591
393    367
632    258
828    170
884    146
897    673
450    756
405    313
854    493
864    169
875    269
875    707
798    584
701    127
738    216
776    89
630    472
624    879
145    11
618    174
887    127
830    222
591    85
389    87
813    750
742    127
147    286
497    388
835    200
908    50
930    165
795    95
523    169
881    576
716    494
913    180
447    132
561    629
436    592
417    66
707    847
838    9
862    98
622    198
655    471
176    345
860    517
780    174
865    475
918    664
848    127
754    286
896    24
764    633
719    98
892    98
941    763
870    198
848    197
599    1
800    121
436    11
932    1411
650    642
918    529
880    556
642    191
923    129
501    544
796    559
910    25
813    270
706    117
936    6
899    684
943    194
806    226
95    631
425    50
883    955
940    302
659    1044
933    210
940    269
224    729
902    326
929    205
871    331
870    477
633    654
923    713
790    475
892    487
911    153
267    89
881    229
254    135
663    948
704    100
919    334
738    930
329    322
721    204
798    1503
650    639
796    216
537    499
486    281
457    252
919    304
450    415
860    287
748    79
916    58
751    738
130    203
538    58
747    1041
378    728
846    271
918    1639
267    181
892    525
741    216
239    179
849    207
916    674
897    121
804    951
380    1101
796    43
883    863
910    118
393    586
532    98
758    447
918    168
864    232
601    195
534    282
383    528
805    191
938    225
934    163
383    124
608    514
64    496
862    196
805    597
678    277
881    409
878    64
807    998
774    530
769    1093
363    301
943    31
13    9
650    257
312    429
901    1047
693    654
593    393
917    696
506    692
629    699
208    781
894    190
840    609
645    48
625    197
788    399
334    1011
880    381
916    250
643    202
655    889
617    192
935    300
887    305
804    448
836    324
937    303
779    294
934    712
932    228
389    367
460    245
577    294
934    449
435    585
276    949
502    307
553    483
896    952
903    273
537    19
897    125
896    43
723    150
279    945
648    364
773    324
919    423
943    56
916    462
189    297
320    597
592    789
907    79
617    441
758    196
919    953
256    934
479    62
891    595
281    259
741    186
60    419
758    902
847    928
768    237
872    628
941    300
798    1284
730    1
464    12
508    215
908    124
666    566
279    1274
56    1074
884    14
699    117
840    172
916    713
927    477
916    582
846    523
743    242
524    174
504    622
922    450
889    42
922    391
237    64
697    291
11    107
840    208
826    568
804    245
796    511
753    269
279    576
813    893
862    45
772    751
883    59
901    222
826    625
883    251
804    431
854    89
922    62
674    292
758    239
691    79
712    553
880    62
653    144
942    210
864    24
766    465
312    511
888    237
868    520
804    444
782    1667
880    328
936    1199
846    614
716    193
877    739
389    675
916    209
457    202
896    774
868    679
533    298
419    197
66    257
659    187
716    505
796    660
457    133
13    8
727    578
541    1091
340    378
805    231
299    1379
197    751
737    137
507    181
82    134
561    185
897    546
7    561
650    173
727    12
924    50
791    332
620    1219
943    24
833    201
901    118
758    312
552    300
883    479
363    496
177    187
886    23
826    526
327    42
875    423
717    127
936    1370
749    79
664    458
864    288
934    131
887    204
937    137
517    181
766    433
588    735
916    106
771    596
654    785
880    315
145    49
7    521
560    508
825    748
817    117
592    183
387    641
894    278
551    276
645    195
869    315
536    167
566    467
927    568
130    7
406    382
941    919
906    221
416    535
800    275
864    111
840    137
334    1263
840    936
83    845
234    1460
928    246
882    28
877    584
886    89
889    943
851    295
529    268
254    842
82    435
246    658
758    520
187    694
540    515
782    885
514    190
549    258
886    631
342    165
49    12
693    178
923    340
864    465
889    663
555    274
138    742
507    895
828    116
847    77
342    57
823    154
768    222
825    1034
625    486
864    195
770    123
119    1137
293    558
839    130
932    511
882    69
361    527
151    498
650    2
892    202
834    268
474    343
532    127
663    597
886    467
536    181
921    111
508    50
24    518
919    23
932    1558
671    562
642    1152
896    480
890    671
392    174
719    520
24    58
727    827
912    659
554    56
856    327
490    458
786    458
862    82
927    155
363    100
704    89
290    183
679    286
892    521
239    39
506    5
160    488
188    300
694    434
615    86
717    1047
42    87
875    302
526    258
943    722
435    208
666    962
919    93
321    52
64    651
894    272
561    492
861    463
676    250
195    366
897    925
566    166
47    305
336    746
616    327
495    1
483    258
525    147
848    483
751    484
880    179
798    323
763    466
87    1178
102    272
943    67
782    1589
911    163
940    313
507    345
894    213
292    483
757    574
771    111
682    24
447    237
585    30
59    129
854    811
798    826
851    806
788    226
666    692
548    294
793    685
916    1682
393    787
901    211
880    201
875    523
381    419
899    433
846    487
932    436
897    117
886    686
660    91
864    343
650    511
658    55
870    169
887    720
106    59
23    919
848    479
851    924
405    582
759    181
880    1468
95    623
932    632
2    302
862    258
776    179
621    200
305    242
449    333
838    127
894    322
643    571
90    498
826    227
711    151
862    151
921    50
22    385
721    1221
919    1073
846    1479
419    494
52    191
524    175
554    1284
655    367
881    1078
449    1010
376    705
601    431
851    4
332    302
345    218
916    806
92    855
804    187
934    805
897    180
526    591
643    47
90    23
758    608
198    93
880    554
883    750
930    100
918    498
320    292
326    701
224    378
889    86
290    120
405    95
533    1142
919    303
864    797
747    204
782    269
912    646
918    704
332    550
763    1098
334    518
892    239
766    837
551    686
893    819
878    153
794    257
894    1295
730    268
643    1215
99    433
630    471
311    415
788    148
829    212
915    691
747    127
493    435
902    79
339    644
880    794
815    159
318    143
561    99
495    240
622    1149
650    602
913    408
561    9
21    273
387    581
929    589
833    180
691    772
293    162
770    323
908    663
361    692
894    595
329    127
864    108
551    302
834    298
939    274
339    518
823    686
795    436
837    181
932    526
328    68
321    428
749    420
201    1137
804    218
528    213
442    450
474    647
366    758
890    205
526    123
904    1074
631    886
23    73
790    176
291    833
862    651
642    181
641    528
919    293
794    187
336    173
934    705
934    144
566    265
313    603
389    239
528    678
913    466
503    187
617    320
311    550
151    380
882    133
759    237
345    181
604    288
747    194
588    660
779    447
389    257
271    429
815    239
746    83
469    487
303    88
710    501
917    1
434    1197
847    222
883    1012
671    82
860    339
928    127
621    405
837    285
815    919
864    8
862    92
640    802
468    943
428    751
916    227
519    1434
271    186
551    233
193    405
909    294
779    95
798    610
396    323
743    322
311    392
749    85
541    139
934    527
796    939
645    650
573    523
751    209
918    660
222    241
928    168
894    827
532    477
625    198
940    259
659    199
326    211
894    1038
562    485
642    998
861    475
796    77
533    676
453    25
716    655
887    393
586    68
235    285
919    877
665    210
936    327
835    504
357    841
328    187
892    825
870    475
710    302
889    657
811    243
896    566
846    435
49    154
348    827
922    384
772    272
757    358
823    96
758    174
670    186
551    58
940    216
669    480
798    930
682    746
913    469
450    584
442    90
798    660
559    311
937    1007
868    268
579    228
521    188
499    174
639    19
788    1042
655    1643
299    212
364    678
721    229
815    484
761    245
286    403
741    945
407    474
725    294
430    7
790    13
719    77
755    879
450    732
828    652
12    480
419    269
758    735
555    100
932    1121
581    1367
826    187
786    497
932    514
942    498
671    195
642    955
873    307
899    96
694    211
650    27
932    405
796    328
549    151
861    305
264    209
836    663
339    176
788    28
480    98
739    22
304    274
738    449
305    1286
913    203
538    89
163    202
894    16
770    937
924    64
397    492
148    194
908    318
851    475
807    423
889    646
864    550
225    98
864    801
458    823
611    306
581    922
747    58
294    405
533    8
684    409
115    508
58    238
627    232
542    240
590    676
805    185
622    474
943    796
707    505
936    1226
909    224
346    151
898    302
805    128
875    22
712    1480
682    71
746    228
814    5
749    712
789    124
851    553
737    22
878    155
574    328
659    216
892    631
747    510
826    748
879    111
853    333
875    964
828    531
659    657
788    328
848    708
865    1009
897    369
750    323
880    476
