186    302
122    387
301    98
287    327
87    384
57    304
225    237
8    338
90    382
42    96
128    485
262    1147
305    427
259    117
268    231
13    98
38    328
92    77
97    228
6    14
62    65
14    98
100    344
269    367
119    222
296    705
222    77
184    153
222    724
13    56
200    96
177    333
21    558
121    291
178    731
249    188
5    17
60    60
11    558
303    404
7    430
189    526
54    742
193    869
293    249
230    680
119    382
26    1015
269    198
295    961
283    1114
276    417
173    289
97    222
292    661
22    128
222    49
2    292
274    405
308    187
93    820
146    1022
234    81
102    70
56    1047
87    82
286    357
286    746
207    845
58    9
43    203
222    448
111    301
286    175
109    566
195    273
222    53
279    741
313    117
94    216
85    642
13    72
174    660
56    222
311    9
307    634
276    324
176    875
283    845
312    692
268    298
42    98
296    222
172    220
210    70
7    451
313    436
314    28
239    96
116    331
122    378
59    177
303    1098
19    435
134    879
312    133
230    419
112    331
66    1
293    166
160    160
207    25
197    302
87    177
70    419
298    1346
75    546
144    153
294    930
13    121
288    527
5    98
295    172
65    100
176    327
72    427
214    302
304    237
87    196
57    682
271    705
207    1046
311    143
197    55
194    478
262    386
49    625
118    475
59    1107
62    132
59    429
224    191
177    203
13    150
207    192
312    921
201    919
195    154
46    307
303    176
50    823
94    470
308    163
92    665
279    79
276    364
134    313
249    723
291    732
297    182
264    33
294    127
250    244
286    34
248    475
127    294
159    127
178    282
314    95
62    258
94    347
270    83
147    292
59    710
47    995
220    303
59    286
316    306
232    91
63    20
7    528
230    234
279    487
145    591
297    1016
82    919
295    47
269    156
59    604
7    127
259    959
234    614
69    174
318    257
318    631
196    67
162    181
234    705
36    883
305    529
7    560
279    919
299    516
37    55
99    597
58    109
296    48
236    286
59    170
14    530
94    455
313    191
13    781
99    168
208    88
70    50
276    291
97    115
268    135
60    616
286    133
125    615
54    268
38    465
194    530
99    895
137    237
277    1197
311    661
275    176
69    12
106    660
276    789
116    185
157    405
271    11
271    211
95    128
28    7
305    203
269    514
222    298
237    528
248    127
221    268
178    125
189    30
236    506
26    15
276    1218
85    58
90    31
130    200
21    298
222    25
312    480
22    433
279    1291
303    330
188    191
308    164
115    228
1    121
269    1020
26    257
121    86
119    716
232    705
330    11
130    876
87    1183
150    13
194    196
74    9
275    1066
109    195
198    1169
307    21
311    348
297    202
331    7
315    98
38    216
32    249
213    144
308    481
83    476
38    1030
207    754
11    230
60    179
152    272
133    258
296    275
167    404
125    785
319    879
194    470
49    695
221    1218
224    22
62    157
96    519
239    612
304    271
1    84
215    22
1    31
43    286
258    323
279    1113
257    59
235    275
7    300
321    131
130    172
3    331
123    275
303    549
332    693
230    196
60    474
1    177
152    132
292    100
212    515
114    269
39    315
257    276
59    132
290    153
90    659
303    1007
13    180
276    1135
82    69
17    9
92    673
118    174
315    230
324    748
207    269
103    117
332    228
6    475
320    210
263    97
168    596
322    50
291    53
235    684
308    467
279    275
99    421
18    214
234    966
308    959
271    241
13    820
234    72
7    633
82    495
6    509
256    235
234    209
25    742
314    468
60    183
130    572
15    301
311    484
67    405
130    71
64    959
57    1059
324    471
116    257
236    507
169    174
198    746
109    90
315    654
32    276
269    172
102    195
220    306
286    1035
144    303
246    1073
42    357
268    768
176    272
306    1009
313    136
336    108
223    1
299    168
291    558
280    100
59    127
64    1133
255    452
291    147
85    842
130    125
125    143
85    372
297    480
329    326
180    433
252    9
299    210
334    293
85    1101
60    490
148    98
271    661
200    431
102    809
276    1314
328    4
10    704
130    566
145    750
329    98
161    14
119    684
13    90
293    194
304    298
303    235
306    476
38    780
96    484
20    186
294    1067
312    557
135    227
45    127
134    539
198    357
210    722
150    127
299    26
334    317
279    740
279    685
269    484
94    561
345    1160
16    657
16    294
298    660
297    97
234    191
189    1372
346    213
293    646
296    96
18    367
18    462
73    1149
62    856
201    8
102    202
118    176
286    419
130    229
242    1152
340    435
81    93
54    276
187    28
268    16
303    654
277    9
345    367
321    507
267    693
102    121
278    98
194    511
230    393
344    181
65    121
230    154
301    123
297    629
256    97
114    195
299    286
96    64
18    971
217    68
201    190
343    569
64    211
8    294
87    154
59    1009
6    156
198    188
178    546
198    97
300    322
119    86
267    187
343    712
244    179
49    168
295    401
320    173
151    464
234    213
63    250
102    233
316    735
215    205
218    33
334    250
193    234
315    223
323    246
328    402
354    242
159    871
270    596
276    22
311    82
5    42
186    591
287    39
87    519
11    402
343    823
279    530
81    926
59    928
151    193
1    258
347    416
303    416
293    239
156    64
308    283
313    670
141    50
251    50
23    705
339    133
159    451
119    272
62    306
312    1124
103    300
236    661
360    334
218    504
308    1046
110    204
13    416
186    742
23    188
178    849
112    306
109    245
294    299
90    6
189    173
254    238
164    245
332    1150
290    550
308    483
328    284
213    151
10    200
285    538
308    319
138    617
269    492
303    366
232    215
44    542
221    1210
323    199
361    273
195    99
311    526
110    794
270    741
1    151
83    1043
308    968
269    64
88    302
344    716
151    223
288    900
87    385
217    117
53    181
3    350
191    328
123    127
23    257
154    202
117    258
334    302
130    672
79    137
201    1425
205    326
308    178
21    234
130    84
276    272
264    559
250    582
145    665
99    11
268    161
291    1078
328    1277
328    510
122    727
179    1316
145    229
77    179
270    173
18    180
305    638
314    983
170    333
308    443
153    64
59    739
235    705
373    694
290    98
109    176
38    393
286    20
148    228
148    473
44    185
86    889
301    77
249    628
125    999
222    62
130    1228
77    176
268    558
286    405
262    419
372    159
259    12
283    42
344    196
197    808
11    736
123    50
90    521
326    674
87    182
341    880
188    504
200    570
91    82
222    232
158    11
153    127
233    69
294    325
328    162
154    480
328    370
94    1210
373    598
92    196
270    156
304    275
288    157
6    135
7    8
295    154
270    1014
43    315
151    506
233    269
280    159
270    286
291    1213
345    197
92    313
13    61
334    387
14    509
180    56
226    169
275    423
64    636
189    484
344    313
291    4
264    25
109    1013
318    66
274    815
151    417
221    53
201    70
373    154
299    347
84    523
72    520
298    311
186    1253
194    517
268    232
65    135
332    354
280    117
365    908
342    237
94    428
178    520
329    276
190    628
296    98
351    1316
361    949
166    258
313    182
85    971
90    96
279    24
380    197
135    33
244    411
320    431
347    879
365    124
41    435
239    79
215    451
152    204
68    288
279    207
85    514
5    230
345    282
280    542
354    208
279    173
116    332
189    1403
41    98
2    303
385    1367
250    480
128    56
373    290
90    203
267    175
373    230
168    258
25    135
378    196
292    475
296    277
350    530
295    737
332    1218
194    527
244    191
244    1045
178    83
227    286
207    187
213    735
311    418
83    720
90    707
385    606
372    635
360    14
9    6
11    744
263    318
77    69
296    485
276    941
354    268
295    498
5    227
342    56
373    420
10    703
208    381
295    226
360    195
43    596
310    14
321    135
236    596
378    272
359    831
290    164
299    1020
344    244
208    211
18    463
260    682
381    191
321    124
80    194
344    288
296    172
141    405
63    1008
184    647
323    151
1    150
264    283
286    477
204    1194
268    357
312    131
94    1
233    568
114    496
24    178
360    303
159    748
11    652
328    183
347    328
130    541
311    845
181    928
178    271
254    504
380    587
80    423
13    153
49    116
344    5
269    856
21    565
9    340
232    204
42    939
347    472
11    350
279    265
325    185
5    100
13    154
189    225
380    186
60    218
328    628
311    1093
203    271
180    156
341    948
118    184
122    175
311    761
7    232
77    523
3    299
230    739
295    450
373    278
95    385
286    1194
279    90
75    597
193    258
325    614
334    1524
234    170
378    155
7    136
118    655
374    182
128    58
311    491
283    659
207    832
59    45
43    210
111    272
294    346
72    423
347    239
259    108
297    625
75    100
285    313
263    205
234    945
201    856
210    44
307    746
10    447
393    1206
244    294
178    454
320    452
75    125
109    291
222    239
325    510
90    367
43    63
230    1192
117    307
262    147
363    114
145    39
380    154
291    1188
203    619
3    348
329    303
54    258
389    429
254    199
312    967
234    91
85    89
206    750
354    1007
29    678
246    547
23    747
79    7
165    651
126    302
360    283
390    124
382    171
45    100
279    63
243    286
130    742
296    923
141    281
149    301
156    124
262    447
360    79
311    239
94    170
398    69
125    1000
222    746
389    656
237    423
269    525
254    951
92    96
18    169
197    750
393    683
7    166
354    180
102    597
256    370
85    340
303    792
308    693
25    169
95    366
379    402
119    1202
393    62
316    283
203    24
251    172
370    657
378    222
293    443
263    215
2    257
43    705
232    234
7    399
343    306
393    275
338    133
327    514
158    244
25    13
263    177
144    32
7    227
374    761
271    311
269    171
122    423
268    325
354    70
6    238
201    156
144    1284
378    1134
378    302
101    284
239    558
303    1021
385    1536
264    210
332    342
328    1263
13    546
244    217
144    191
145    685
299    285
269    642
363    144
382    183
270    217
200    1060
237    199
286    289
262    191
385    337
378    288
42    280
49    514
321    199
174    293
393    812
144    410
387    448
286    404
233    313
399    1543
384    355
83    106
303    558
392    165
232    272
379    735
59    846
371    55
13    624
71    276
115    475
58    1019
121    294
233    1194
13    270
399    402
276    427
119    1086
115    89
125    1
287    268
225    1443
174    276
293    414
379    135
60    659
237    513
65    48
343    654
7    630
1    85
193    553
274    319
378    942
25    427
346    684
336    154
244    631
354    953
188    216
184    1195
363    1019
296    204
94    546
230    526
265    410
87    409
94    674
160    693
97    79
82    527
5    429
91    174
16    161
359    273
130    28
330    200
299    778
130    174
130    443
223    742
374    279
84    291
301    173
295    1170
291    188
130    393
193    684
345    302
99    3
344    471
239    650
334    663
1    10
391    26
386    50
194    739
184    64
347    257
380    69
374    124
290    204
224    720
378    175
14    242
378    576
65    736
101    50
268    206
253    705
399    1279
374    237
295    380
385    285
294    300
346    732
91    482
153    56
332    546
212    197
313    649
303    697
399    418
332    5
347    246
416    724
328    636
27    246
378    739
97    430
391    197
10    475
13    652
94    616
222    82
57    281
34    245
411    172
59    547
54    1088
401    111
223    143
331    503
5    185
339    1039
268    385
166    323
363    87
249    357
82    140
73    288
94    70
412    318
300    872
110    367
398    144
397    1018
318    186
303    1118
397    178
328    614
171    313
339    642
233    257
14    42
249    919
307    655
291    143
243    655
60    13
6    204
268    181
416    69
343    980
125    411
15    937
378    133
239    603
385    447
183    203
406    501
291    1206
406    640
57    225
264    42
275    636
95    498
381    97
217    665
292    535
312    474
301    864
416    1188
269    614
308    505
293    421
151    699
188    930
200    1411
393    419
417    83
11    573
79    13
224    294
308    107
263    162
177    22
202    484
222    15
290    625
382    508
189    596
395    632
393    363
239    134
305    83
210    523
164    748
328    356
295    174
137    117
326    265
276    91
92    288
112    316
87    491
214    134
411    209
92    164
275    746
112    984
317    271
250    240
328    294
348    15
64    72
407    428
42    496
277    25
417    12
297    204
372    581
248    854
7    190
28    646
358    132
416    226
13    268
69    321
24    475
156    197
318    796
178    1300
130    168
393    215
120    286
230    144
59    82
279    841
347    96
257    224
64    58
130    173
60    161
357    287
334    168
427    341
106    313
247    151
374    121
417    196
18    479
276    196
249    1103
280    1401
201    1169
330    277
98    116
95    69
305    207
60    558
417    747
378    258
420    19
207    322
1    39
405    1188
7    389
94    723
123    707
234    15
59    39
303    384
297    128
262    332
343    214
331    180
338    306
274    111
56    747
8    210
267    227
126    752
22    208
416    49
416    866
406    745
363    128
241    313
318    312
189    134
297    231
159    411
311    493
226    1117
94    175
267    240
4    50
240    336
371    174
398    501
435    240
432    620
336    216
21    448
234    782
271    310
291    619
342    92
189    174
92    154
398    654
137    257
399    173
13    185
284    340
184    57
54    475
90    287
369    114
130    756
162    943
393    403
428    340
334    313
331    215
237    603
14    596
297    129
275    101
71    65
70    762
280    234
139    222
244    456
60    507
10    199
216    357
213    229
207    580
318    285
263    648
95    393
140    325
71    135
398    479
293    298
213    274
304    742
118    17
407    969
314    418
11    713
7    259
239    836
435    431
405    1045
256    1231
385    325
301    204
178    478
401    520
135    939
359    455
94    52
38    22
372    649
442    385
128    505
303    462
383    19
169    234
23    527
213    778
232    474
213    591
198    527
13    238
63    306
112    286
60    56
222    300
416    1503
320    403
394    121
242    1357
387    444
7    604
109    215
115    952
227    25
320    895
357    713
363    761
393    659
178    16
294    1161
144    165
308    966
218    4
186    226
297    201
393    756
366    573
363    809
22    154
449    381
207    153
144    297
210    88
450    783
421    200
292    127
194    660
144    221
313    659
85    286
450    1147
64    214
437    86
214    187
423    258
6    506
140    880
26    294
1    226
234    427
398    162
339    182
327    634
118    421
130    385
276    8
198    154
374    150
320    161
439    125
221    3
10    133
100    313
405    467
342    134
57    321
391    286
367    452
426    211
405    768
406    410
122    382
144    750
425    250
163    347
402    235
307    195
450    384
201    413
267    168
263    168
151    432
1    154
11    730
378    241
242    306
59    204
339    192
234    194
214    509
327    589
406    188
59    513
339    603
437    418
158    184
449    286
194    192
60    529
110    748
108    137
375    77
387    2
379    83
270    740
454    1063
246    232
134    15
151    189
435    273
85    317
450    1160
355    307
16    629
214    324
151    420
347    959
391    238
16    195
450    496
387    83
185    275
450    387
318    517
436    658
354    52
417    628
125    88
17    744
99    978
87    628
246    176
403    258
95    443
308    226
303    1187
321    14
92    410
432    1047
26    1008
246    265
401    70
423    269
349    288
43    950
409    203
326    603
311    604
119    1261
377    164
299    170
453    248
408    258
455    629
244    739
308    284
270    181
255    234
313    516
301    552
287    208
436    742
454    161
450    902
125    50
406    647
354    498
88    886
394    117
73    173
201    100
450    1263
214    340
62    55
186    596
385    257
10    144
429    1028
314    111
381    485
274    181
276    154
295    191
437    499
184    942
458    144
44    245
21    452
70    186
290    205
85    208
250    117
450    97
379    177
381    175
6    480
82    265
7    515
89    150
345    126
286    472
276    628
393    223
213    318
457    775
92    955
228    98
63    1009
92    73
43    302
392    847
295    648
455    755
102    350
234    589
455    282
117    1014
313    542
380    300
44    161
23    109
60    524
22    651
313    391
200    419
324    322
435    343
231    289
311    584
247    269
18    404
276    325
90    515
308    213
96    185
451    360
354    792
180    729
346    550
9    276
18    762
90    965
116    193
457    164
90    493
12    170
393    99
437    214
28    11
276    98
322    64
268    391
416    202
257    324
82    238
326    89
13    435
308    495
458    318
333    300
330    370
223    929
347    68
299    288
204    242
38    200
299    345
308    648
348    831
5    99
239    91
425    324
13    475
130    249
151    462
249    1039
256    89
450    1203
314    946
130    1046
286    1280
200    679
389    47
373    421
41    474
144    1138
108    304
314    762
65    65
463    455
406    7
137    181
13    51
295    386
269    469
342    727
66    24
207    660
435    1039
456    187
125    748
288    22
83    2
42    15
264    192
222    540
295    420
151    98
291    825
130    132
166    751
417    1014
295    965
308    235
11    749
464    289
239    484
416    928
466    181
319    307
472    1011
243    7
454    705
425    53
13    96
389    50
472    233
407    173
276    591
94    381
233    828
407    69
327    874
454    286
279    229
157    255
151    939
313    8
6    200
391    89
286    597
316    199
436    1061
454    315
133    308
11    659
118    288
454    174
5    430
406    42
407    2
447    91
90    193
99    751
395    237
112    301
65    393
270    50
249    175
391    12
253    328
305    582
123    9
474    661
119    710
6    494
7    97
92    704
305    200
429    153
221    470
417    765
354    516
429    1014
254    498
193    366
201    234
102    671
366    98
478    318
279    809
205    300
118    675
416    496
94    510
246    652
468    1008
422    181
292    24
445    1187
279    824
293    416
326    608
484    195
244    581
89    7
425    204
274    1063
159    1278
60    121
184    402
480    175
374    202
69    763
5    135
184    166
130    746
92    29
259    1135
296    257
348    225
450    478
198    1142
143    333
378    326
373    161
287    845
62    273
55    117
72    443
416    997
207    993
429    134
379    684
437    131
458    321
251    22
212    199
430    436
222    651
271    118
182    191
200    1219
328    198
346    157
463    311
385    1012
62    252
18    476
264    702
314    1210
18    735
230    515
469    484
130    1151
432    123
42    83
21    201
130    1267
450    89
328    553
408    286
346    173
152    1041
478    151
334    89
296    357
92    679
179    917
194    178
130    501
213    252
301    550
403    127
43    189
452    597
298    705
459    846
354    20
346    89
490    333
37    665
268    384
74    313
457    228
62    56
308    318
113    303
9    615
92    198
132    56
194    90
159    1095
453    154
253    588
276    1047
155    990
43    291
222    79
406    756
487    293
12    392
435    550
394    554
25    479
64    265
71    257
18    319
455    300
435    136
19    319
405    780
301    527
158    118
293    503
6    50
479    174
460    286
387    50
361    475
131    251
464    709
60    210
13    768
110    64
256    769
339    86
40    337
297    603
388    845
416    155
256    1114
94    356
361    737
315    25
268    33
395    328
26    276
405    969
452    420
270    145
338    301
452    971
479    528
454    88
452    269
419    223
90    302
90    606
435    90
499    511
200    69
370    856
13    200
117    678
95    31
109    735
387    61
477    280
427    874
59    161
59    22
28    859
360    582
244    721
380    28
442    780
184    183
95    170
434    220
408    288
385    896
393    237
60    174
496    526
89    111
399    405
312    850
472    747
348    934
417    217
284    307
214    181
428    908
328    1483
367    179
241    335
503    181
393    69
474    76
392    1012
488    434
472    609
173    305
251    685
450    155
450    774
438    121
383    504
170    326
458    13
18    486
15    255
368    201
378    792
462    678
221    218
48    1064
222    228
417    201
178    790
82    9
483    900
505    193
371    265
437    216
500    836
421    516
65    255
499    347
456    12
436    96
87    22
386    222
178    281
11    405
83    204
455    465
62    875
185    1020
457    742
355    360
448    884
399    1231
404    331
437    473
152    69
197    586
354    660
378    684
186    934
424    289
379    93
425    302
478    354
484    228
429    504
16    770
399    496
487    140
392    346
177    153
141    974
59    357
98    514
417    483
463    282
239    474
423    347
32    475
318    161
450    154
268    128
327    70
95    28
378    210
330    98
334    428
330    99
503    900
236    496
2    276
514    15
90    300
486    994
253    12
201    751
165    270
83    69
234    887
435    86
7    187
413    236
208    194
311    783
500    971
13    827
280    769
375    288
379    631
442    42
417    1446
151    1203
396    25
326    435
276    343
303    28
486    257
474    117
389    167
498    474
388    682
90    639
82    284
249    546
374    252
203    815
416    81
506    385
109    181
43    196
154    288
295    60
48    294
95    70
325    186
415    195
95    463
416    331
280    1466
301    447
393    802
354    889
178    685
416    1074
499    215
275    99
90    972
479    161
301    502
363    531
75    678
167    1304
361    502
305    64
405    729
303    239
505    468
394    84
271    505
125    790
450    736
63    15
271    257
514    746
470    293
458    742
393    257
454    257
151    781
46    245
348    111
373    655
217    33
374    974
270    335
298    134
84    225
413    9
293    165
450    60
437    746
23    652
393    1228
6    504
435    161
523    382
450    747
174    696
327    218
284    272
85    197
311    1042
56    210
495    172
16    469
6    321
313    404
393    1185
311    724
222    238
95    971
160    671
507    338
396    742
524    1268
472    217
85    30
81    1047
21    240
353    272
73    171
437    781
342    131
460    1115
338    443
405    644
74    328
174    210
524    1044
508    188
416    915
371    655
271    235
495    222
87    21
279    291
23    856
339    157
437    208
436    159
435    49
276    222
345    223
184    708
105    313
416    25
507    1034
104    290
502    294
294    413
450    418
417    1182
6    47
373    64
497    101
487    265
496    727
446    754
455    692
85    512
472    475
532    333
64    191
505    66
373    499
151    549
496    1133
383    89
305    170
308    68
495    392
287    682
146    328
8    229
463    124
503    281
483    277
290    1285
7    140
479    405
296    61
435    354
188    5
454    50
251    313
524    1560
409    166
287    426
380    81
500    287
382    180
380    340
459    147
460    322
234    381
256    22
434    1051
416    13
314    801
465    588
87    144
476    328
286    588
389    105
198    276
487    69
451    1025
429    1017
145    54
276    17
16    200
487    81
234    143
249    64
114    318
279    189
254    768
6    529
201    588
466    882
234    474
103    250
102    194
537    526
497    54
407    291
514    609
5    399
427    1265
200    179
145    450
279    1305
299    529
83    191
507    323
498    1426
454    427
332    597
378    182
214    522
504    1415
256    233
393    89
256    174
44    429
7    405
345    588
399    633
328    649
487    215
305    223
508    150
489    908
537    557
291    128
82    211
497    79
109    239
363    603
327    651
221    240
262    69
299    197
10    527
130    665
465    190
473    268
537    150
523    516
391    71
455    1265
56    376
450    99
94    392
521    100
355    286
436    1178
339    203
58    732
495    163
254    210
455    25
250    270
242    331
339    29
222    845
436    172
487    294
311    8
269    1011
119    11
44    71
174    111
72    664
436    821
144    333
500    216
259    15
279    190
380    435
399    234
533    274
493    1278
6    510
314    161
514    1
104    316
293    133
201    129
6    493
10    274
458    237
430    164
58    189
435    111
537    844
263    58
130    313
488    243
234    133
176    325
307    419
416    98
454    685
450    294
546    413
130    974
180    684
465    584
523    393
399    95
406    174
307    529
532    532
327    865
545    399
176    741
433    12
456    133
411    195
484    422
217    541
533    405
65    28
535    212
534    237
295    417
417    68
24    421
492    185
9    294
395    378
506    367
487    202
60    418
506    678
33    294
496    1473
283    625
458    753
543    95
312    855
535    923
435    834
332    824
301    1135
263    646
460    302
535    953
553    505
543    79
313    449
506    222
508    436
85    193
417    222
506    1279
429    755
532    373
356    310
453    721
533    525
407    118
201    191
213    478
503    514
59    181
144    117
478    79
357    117
412    114
547    316
421    213
343    277
13    68
398    385
10    129
269    182
351    289
387    265
519    349
445    405
375    183
472    755
541    420
75    1
62    1091
116    258
504    186
38    395
299    251
271    269
455    174
435    72
94    143
334    1312
122    269
58    70
454    485
548    248
33    682
279    843
551    31
530    476
533    345
552    151
157    117
429    168
311    521
512    313
294    298
249    183
369    166
349    15
397    156
345    655
342    382
249    317
561    23
503    97
85    310
541    699
417    157
207    281
541    423
508    115
556    496
494    100
293    403
343    86
194    86
411    568
7    507
487    195
7    646
343    1194
429    520
242    111
92    642
9    483
504    94
194    22
474    996
533    845
524    42
497    3
295    137
399    118
518    685
216    156
326    434
521    228
552    225
417    245
454    496
152    49
31    875
124    144
354    166
454    70
542    69
293    211
496    39
56    11
456    174
532    562
332    369
417    1247
560    1160
325    498
264    856
454    318
563    401
99    300
523    50
567    1019
311    468
269    56
416    237
393    147
236    9
189    527
436    761
561    343
473    116
537    736
537    258
542    693
6    501
501    282
264    202
533    98
474    708
387    194
453    79
491    190
499    87
493    327
244    156
472    561
474    463
190    989
271    357
124    474
407    289
535    479
563    367
506    654
478    161
189    13
429    768
533    258
519    336
393    825
487    298
523    792
409    382
373    173
577    229
483    612
57    109
511    895
267    235
181    282
13    13
109    125
576    280
59    234
573    661
279    81
374    458
338    474
441    751
469    127
307    395
216    11
399    43
342    1170
447    1
401    172
517    873
416    689
142    176
392    172
49    433
584    114
554    87
564    750
278    315
416    403
320    241
320    808
387    127
405    606
524    237
145    515
249    135
438    100
246    235
20    174
380    956
184    639
305    251
363    380
308    275
184    203
484    588
201    466
291    941
399    1244
464    294
546    288
550    323
232    269
211    230
425    232
429    238
215    1063
452    111
30    892
72    591
227    14
533    378
379    64
276    1011
95    188
132    484
497    98
532    66
144    8
293    544
533    479
77    246
210    301
420    475
359    121
69    98
389    503
386    24
465    191
537    615
267    665
314    845
271    88
409    1524
430    628
581    50
23    224
459    230
62    651
336    290
270    581
94    665
553    307
551    959
521    721
412    154
543    176
479    298
276    159
271    277
481    648
399    806
363    774
500    1326
491    340
567    483
81    283
101    147
399    727
567    1
28    286
233    275
421    164
409    204
537    187
537    313
435    520
324    323
269    318
13    233
109    156
455    313
85    1121
364    948
429    154
106    25
457    934
472    417
524    607
119    879
435    797
445    23
233    143
478    518
437    497
365    222
196    116
548    657
279    204
551    203
159    126
361    204
370    210
535    521
474    641
406    1118
257    475
458    596
95    208
551    340
83    274
95    121
162    208
405    5
380    7
232    186
162    1
327    232
416    980
409    427
263    732
518    1028
603    230
580    7
119    23
453    3
449    179
538    216
474    418
213    393
301    121
489    1243
320    458
82    432
83    1016
569    50
592    324
606    123
82    430
535    209
411    38
524    76
128    471
222    95
524    178
487    99
573    427
505    199
537    11
524    646
305    199
354    956
374    118
247    222
435    23
314    67
334    175
94    670
344    275
508    151
523    208
552    742
474    178
293    248
33    348
256    147
456    194
569    151
588    432
592    1134
311    72
303    470
479    257
299    209
568    1050
327    100
147    319
119    823
548    323
13    494
327    23
484    625
87    510
440    171
588    71
554    82
269    151
286    535
270    739
164    934
380    664
370    678
345    747
593    5
313    183
136    303
498    61
18    95
533    286
608    661
193    905
552    864
284    750
501    117
222    559
119    132
594    744
243    694
297    288
37    546
221    96
476    186
254    417
518    595
608    150
437    736
521    250
178    535
313    153
274    877
532    750
610    11
303    56
361    657
535    338
599    282
44    871
470    847
273    272
254    204
164    742
387    228
506    86
614    287
474    192
506    342
292    492
193    313
430    514
178    1314
437    183
190    685
325    190
64    190
514    380
261    288
498    649
453    655
393    476
210    423
592    847
62    129
537    136
622    2
543    403
588    99
81    111
85    378
496    659
343    631
276    31
385    959
498    151
465    175
459    1016
334    328
536    229
393    271
608    69
315    513
318    404
574    272
573    480
308    1252
339    1153
121    742
312    432
269    602
490    298
174    747
606    96
417    167
593    196
90    531
404    879
429    502
532    11
159    1013
151    497
439    895
417    384
518    13
32    9
515    307
597    242
489    270
11    237
49    1067
2    310
500    988
60    650
546    860
279    802
298    603
280    66
592    187
536    189
197    322
498    203
441    259
19    210
623    50
567    1020
623    275
537    172
489    301
347    176
440    86
65    238
429    301
497    645
474    1518
311    794
592    425
57    295
297    249
259    97
621    147
566    707
153    258
451    288
280    1182
567    191
601    196
493    95
379    271
327    631
50    268
537    698
286    172
191    750
589    259
436    1135
487    620
621    541
365    895
453    210
301    142
455    1197
420    508
343    527
64    188
174    9
605    582
625    739
334    115
177    288
514    257
539    956
312    835
378    703
406    89
385    200
350    489
158    55
521    392
601    250
254    1
454    451
535    204
256    1051
522    318
416    195
615    644
336    284
301    1283
303    960
311    1221
460    253
478    28
328    729
620    768
42    66
85    1172
567    273
522    133
561    1069
554    118
64    194
308    148
553    490
33    879
458    124
351    328
279    502
548    270
141    248
545    388
634    237
3    181
23    91
110    313
95    515
567    611
301    465
478    255
478    137
406    624
599    1152
639    242
246    97
466    89
553    205
543    443
591    56
530    319
237    169
453    168
268    13
627    1194
294    235
577    1032
586    276
190    544
560    1163
487    3
148    175
474    1020
632    164
263    622
28    429
336    1188
389    1041
610    216
601    179
536    470
533    319
518    120
201    172
626    288
517    50
514    135
330    432
612    1063
530    172
270    694
276    458
207    197
387    508
246    741
54    338
642    921
1    158
478    42
373    70
510    288
433    174
625    96
353    258
487    419
551    334
504    385
230    91
490    515
328    215
256    323
599    1095
624    742
506    140
320    769
193    1074
44    89
607    528
522    128
315    770
344    372
166    243
648    96
397    197
19    325
562    727
379    88
324    50
62    483
630    278
630    1040
385    276
489    286
511    908
429    652
561    170
535    131
442    186
356    1294
573    183
57    42
234    525
481    427
212    528
36    1026
639    306
385    131
324    289
506    47
545    689
443    286
644    300
422    98
499    516
393    270
85    751
435    176
458    192
552    1620
106    275
154    945
457    470
521    11
387    515
601    290
421    100
561    715
487    111
552    7
59    1115
179    340
481    153
588    496
472    66
210    15
393    824
634    150
128    770
398    87
560    1008
291    940
632    28
496    89
213    463
16    946
594    14
608    1119
264    746
462    310
447    597
526    1
334    484
436    762
548    7
545    404
160    151
341    682
643    546
321    212
605    754
493    59
394    739
618    705
293    159
474    1016
348    123
648    586
456    922
619    241
385    745
422    436
555    326
104    345
407    423
422    1007
533    210
630    222
638    410
285    205
625    602
416    185
629    1109
642    72
312    515
500    405
311    700
546    717
327    403
621    1012
455    678
385    664
601    21
234    505
456    475
505    423
9    402
488    183
651    306
154    642
585    207
365    473
105    302
497    72
608    1124
436    186
654    258
239    174
339    199
297    347
495    843
639    166
312    207
246    204
489    308
213    192
16    58
642    596
592    236
319    751
505    161
542    23
552    1152
593    724
216    100
324    293
234    785
204    1296
497    721
624    327
279    151
6    12
561    317
474    238
625    209
429    629
160    195
138    222
590    100
603    380
316    482
315    203
351    332
437    238
554    43
585    1323
399    1541
374    566
620    501
626    682
582    93
479    173
595    282
536    215
492    69
452    404
462    300
303    70
477    289
447    96
152    1300
585    1121
307    588
276    768
241    270
282    268
334    79
622    432
218    642
588    751
420    478
104    750
538    183
654    821
582    181
347    550
189    1402
566    327
197    307
648    797
524    494
95    209
488    500
397    641
551    505
497    273
84    258
389    416
646    304
493    455
537    582
43    969
341    330
363    747
298    946
474    697
655    100
497    24
535    210
629    886
660    845
363    709
659    646
504    223
592    521
213    455
532    354
597    15
536    596
18    549
293    531
536    135
399    399
541    651
267    679
409    286
18    434
638    144
254    82
492    212
16    583
280    496
477    553
343    50
399    204
181    300
303    85
506    55
594    126
648    252
555    120
429    631
640    566
584    172
608    961
299    792
592    313
619    226
10    273
40    310
601    133
121    644
59    479
374    423
605    9
632    172
401    174
655    1232
587    326
263    50
663    658
488    429
279    210
152    21
574    1313
560    134
355    324
527    96
602    871
493    196
378    245
458    179
553    484
52    741
545    196
518    300
234    636
466    294
411    4
655    517
542    47
458    183
621    417
664    659
33    323
363    195
650    204
620    683
643    794
308    739
459    1190
569    125
70    404
593    117
537    427
624    285
450    1441
42    135
445    203
658    137
233    735
595    762
479    283
296    289
606    144
606    28
629    197
551    431
183    380
615    22
268    173
650    182
506    66
664    478
297    582
627    182
194    521
328    65
646    683
234    215
59    503
477    1041
435    358
500    250
617    647
358    1524
21    185
92    684
379    357
659    258
363    50
423    340
543    471
268    802
457    402
469    64
97    603
606    132
486    255
542    70
660    432
614    122
18    427
407    255
295    497
478    340
588    172
659    419
277    471
232    170
303    72
682    325
474    70
199    323
627    732
311    1050
489    326
465    258
381    640
583    175
252    290
290    121
354    308
659    161
255    222
618    192
221    27
94    196
160    461
588    531
436    660
326    1
286    184
229    896
450    661
178    144
94    302
505    526
222    158
600    89
418    895
474    601
610    331
621    172
429    68
691    603
436    628
660    402
668    554
539    285
541    142
352    653
618    655
7    641
296    221
666    202
580    471
11    738
618    318
548    460
456    763
280    609
459    1051
592    320
171    354
145    173
654    313
378    86
671    385
537    955
673    344
148    549
643    208
461    319
271    498
11    332
558    253
507    298
452    48
527    655
508    474
361    207
668    294
184    213
653    685
614    472
654    128
618    559
666    1098
158    226
586    33
436    974
565    30
472    41
435    258
524    197
334    116
648    523
684    553
373    727
194    542
608    693
244    1188
378    1058
522    654
693    499
582    121
360    1134
650    219
527    651
409    367
592    4
643    288
508    185
64    91
406    53
374    979
659    127
268    561
506    215
391    498
426    197
344    281
543    480
343    134
424    538
389    491
655    527
318    385
7    666
552    1014
536    708
138    509
408    313
642    527
230    121
84    628
690    276
655    208
500    98
660    197
670    651
565    638
492    285
653    230
336    204
619    350
606    174
704    205
546    164
301    250
373    435
59    185
643    111
250    458
194    88
618    97
655    1607
291    597
72    69
504    448
110    88
655    619
158    1016
399    233
60    684
655    733
661    676
406    39
59    616
90    221
490    1386
436    559
194    507
663    332
64    288
416    472
397    346
524    1152
465    705
623    648
287    100
295    237
599    1315
682    50
582    268
648    399
505    204
116    515
262    283
525    15
524    72
204    316
13    573
257    275
521    56
705    400
665    15
207    182
378    1035
682    1220
59    198
535    221
429    700
378    318
525    151
117    596
655    97
313    142
345    131
588    125
361    451
429    338
279    31
167    237
634    313
60    204
694    300
540    1048
100    326
561    47
479    177
508    168
648    195
405    143
318    722
600    1188
488    612
190    326
608    318
653    239
101    288
466    313
638    241
582    472
650    313
303    746
567    293
653    748
178    157
549    472
533    294
715    228
627    184
642    625
234    511
608    969
477    756
64    650
484    51
661    531
527    100
659    181
112    294
595    324
566    1005
21    564
324    276
543    97
11    724
603    1240
224    660
95    22
449    742
587    1483
663    985
246    550
585    970
560    1014
524    79
647    705
409    195
650    223
189    654
591    47
16    945
474    514
386    323
535    686
308    22
13    655
492    242
671    258
429    249
719    673
593    659
145    1273
379    178
682    51
416    834
524    573
721    87
339    1267
276    355
393    871
409    1449
208    66
448    271
652    699
503    451
559    322
242    268
712    1178
592    421
450    277
593    781
474    230
367    7
345    81
655    1108
483    116
2    284
59    584
711    95
7    625
7    204
505    988
421    653
402    471
13    157
712    72
617    136
308    942
109    234
487    49
501    147
21    379
588    728
593    241
388    300
525    127
630    411
398    203
545    491
187    423
591    662
521    1244
405    238
655    875
13    306
577    85
60    745
564    344
7    652
239    180
718    841
533    150
629    182
545    393
658    31
516    169
639    269
449    337
637    273
620    674
682    188
727    181
271    847
682    651
213    164
537    47
296    127
399    179
393    377
142    7
606    748
726    355
416    815
699    678
643    420
579    676
234    173
502    751
608    213
54    252
527    425
658    70
457    629
648    367
660    153
429    178
486    275
707    467
425    316
637    1102
109    636
437    614
543    38
313    331
709    28
588    417
187    23
579    709
707    186
684    237
738    188
659    661
689    471
606    239
671    578
386    273
599    975
270    200
546    250
479    198
422    396
489    358
276    382
311    655
708    280
499    887
533    1047
281    690
705    50
650    222
466    182
642    729
488    181
622    597
94    286
274    597
577    140
318    1048
578    323
293    187
528    185
666    31
536    98
666    191
540    1014
708    938
59    736
119    1244
457    410
484    746
347    742
426    631
535    631
745    492
736    296
521    7
721    690
655    522
145    246
738    367
270    1073
506    1136
645    518
1    5
343    56
735    1
693    11
698    751
648    177
663    272
255    300
493    684
634    756
586    468
238    294
683    306
527    182
59    321
497    373
243    477
155    331
669    82
487    1016
661    200
745    215
416    781
616    348
718    111
660    228
601    154
716    187
486    298
279    1490
413    328
89    731
709    633
611    751
332    96
701    100
733    253
653    520
417    80
705    121
389    72
299    152
457    472
525    1014
694    504
532    1039
13    692
523    1
201    607
535    962
588    1053
454    22
533    663
661    603
564    597
487    790
250    1073
479    111
484    692
60    225
452    659
536    153
597    763
537    445
690    649
537    1335
601    201
717    150
657    628
628    845
474    519
345    258
332    323
712    783
640    318
749    252
528    168
625    480
429    559
532    227
404    683
334    506
615    178
373    150
711    463
260    258
594    50
373    99
618    191
483    582
482    269
664    70
313    615
455    382
566    161
650    180
567    124
682    9
618    82
385    1499
401    508
647    291
738    916
484    111
7    605
144    632
276    1046
684    204
682    761
557    180
22    1000
203    742
699    319
99    282
374    975
698    603
668    333
417    168
374    637
11    504
561    657
474    44
651    286
271    815
666    1132
749    1337
604    448
554    66
417    5
221    384
430    42
279    1027
654    173
230    498
267    56
148    234
630    96
160    1142
523    306
549    118
608    660
276    1482
712    431
537    1245
466    292
758    298
140    245
642    82
207    9
720    304
503    662
587    316
385    37
536    210
703    458
643    255
201    202
495    431
648    71
90    699
217    1034
478    975
758    272
642    1140
455    241
708    847
355    328
473    14
374    468
537    50
586    228
437    87
24    71
167    238
409    498
498    675
536    419
342    294
734    591
276    1074
429    435
454    162
721    50
741    54
618    1066
484    222
524    612
16    302
397    223
230    504
528    56
421    129
744    603
209    16
145    1046
454    169
548    748
606    200
94    435
699    151
661    514
693    428
408    1296
644    328
457    450
527    462
381    276
695    319
773    169
129    906
525    762
578    1264
686    99
135    327
339    568
234    357
660    496
360    661
712    110
328    343
113    245
756    178
340    274
621    385
98    435
764    223
606    69
524    583
636    258
514    172
716    293
460    1142
541    102
671    925
722    122
761    278
717    235
466    405
751    418
18    702
345    191
508    70
655    1639
474    288
313    157
554    294
222    51
650    232
731    393
537    638
642    485
429    190
450    503
587    937
455    148
222    1440
90    57
391    603
761    147
537    10
109    732
655    216
336    546
151    487
201    200
424    681
30    257
249    156
763    960
752    748
406    96
752    300
766    229
456    419
734    662
385    347
574    319
450    373
627    318
393    281
417    290
624    1120
743    224
468    246
79    257
625    202
618    68
430    674
663    258
395    472
291    1067
517    335
474    116
472    43
311    238
754    9
642    815
409    1099
716    502
221    42
747    654
333    100
725    245
487    257
436    83
505    22
677    1
682    328
328    194
495    176
313    402
707    378
561    217
80    205
655    1062
452    194
470    7
328    572
694    1205
771    237
387    528
458    654
492    654
747    87
536    96
715    447
201    581
186    477
741    5
646    310
643    233
11    526
618    404
31    1020
495    95
222    226
499    301
749    837
783    288
659    313
92    58
420    513
708    873
476    738
645    70
151    473
625    250
634    985
703    147
184    428
653    480
81    288
291    820
703    257
305    89
152    423
116    50
23    526
13    50
750    294
593    50
635    255
279    1480
747    496
499    520
342    844
499    484
697    268
463    93
253    1
413    258
532    676
147    301
697    1
764    143
207    204
234    1446
731    95
458    23
339    124
59    277
727    195
406    561
130    808
756    234
157    276
567    194
417    223
222    1045
592    763
623    79
201    64
697    751
158    471
7    4
795    367
13    832
629    684
676    132
545    121
500    234
716    131
246    69
789    475
18    221
653    127
560    277
495    158
167    99
87    410
25    604
361    705
557    198
192    125
655    708
798    94
645    28
616    322
617    1073
608    100
479    455
542    122
30    161
110    366
168    300
684    692
303    790
160    237
733    7
735    690
49    432
608    448
798    988
298    193
795    636
716    186
800    742
650    1031
644    127
705    568
174    125
189    61
395    50
180    785
336    26
437    30
505    31
524    32
443    309
788    205
666    82
548    326
106    191
804    546
735    813
251    471
689    250
398    498
645    4
636    9
650    1149
715    87
86    304
453    628
746    546
738    208
180    222
318    1050
621    87
497    202
396    125
533    125
655    632
548    245
355    1392
606    939
584    423
500    282
328    89
552    1051
712    692
624    905
204    268
44    197
619    82
707    631
546    751
543    70
1    127
805    715
194    629
215    77
804    318
758    316
497    208
538    153
647    72
236    255
766    228
57    471
388    315
417    55
363    552
301    562
42    369
599    763
733    242
662    813
751    659
711    732
504    1118
89    1
498    464
699    268
758    1098
299    99
121    237
416    154
655    48
194    516
807    419
758    412
707    382
782    288
807    117
611    873
682    977
406    182
746    232
805    321
37    827
326    385
776    127
749    477
543    102
234    30
756    100
82    286
312    10
778    265
100    272
661    173
733    1658
159    988
727    1218
527    70
87    1185
339    191
804    1222
721    324
782    678
387    856
624    7
440    329
399    779
5    235
763    1268
770    255
533    94
762    237
539    133
467    24
492    100
805    475
7    506
495    417
495    132
110    468
90    322
130    1245
500    100
399    268
545    569
618    1048
664    196
417    82
682    294
548    1013
1    16
529    288
535    284
710    313
671    742
798    1089
456    582
450    602
780    133
2    300
499    474
20    496
423    823
243    737
294    117
347    195
823    211
350    483
671    864
610    50
749    781
815    173
732    882
752    896
37    930
354    494
802    444
644    323
416    729
653    195
745    646
82    1063
655    1167
648    500
514    116
569    13
364    325
189    1401
70    15
678    50
752    347
521    172
380    684
811    301
456    1547
625    393
366    201
758    742
805    761
201    1170
385    732
751    70
559    398
778    193
318    100
703    50
711    909
487    50
682    7
667    504
655    425
457    1028
537    657
545    732
707    116
387    33
344    276
796    367
151    606
559    196
634    122
660    748
777    205
441    7
437    697
823    502
798    1282
804    141
552    591
694    157
345    738
503    47
784    1038
290    168
392    1007
699    298
741    82
344    235
79    283
267    202
682    190
354    811
406    153
749    250
435    1047
593    118
766    174
748    143
770    181
629    322
796    1090
707    499
109    191
766    230
776    443
152    280
90    211
738    136
225    215
188    519
706    118
665    763
805    168
707    792
234    653
716    445
567    487
786    699
210    230
660    250
230    205
641    427
774    186
115    48
561    56
526    742
387    642
757    588
823    1118
43    354
826    431
532    230
454    204
495    403
638    98
354    313
447    56
764    11
507    894
49    93
621    410
326    498
807    527
827    258
732    286
574    303
527    496
653    194
749    62
435    1
271    47
222    627
256    526
490    741
642    409
742    250
532    139
693    318
43    58
699    181
707    1381
535    612
13    675
784    303
738    153
601    183
836    896
846    1074
294    123
174    716
826    38
833    129
246    223
835    393
788    597
846    94
422    137
95    228
379    712
655    332
739    216
788    521
116    340
518    125
536    389
1    25
796    215
160    497
778    238
655    96
668    82
556    127
766    434
380    479
374    38
328    809
744    1134
577    29
226    275
580    222
293    4
666    318
792    844
291    413
679    710
658    408
299    753
490    292
836    180
450    28
339    173
592    936
840    135
805    33
332    9
665    125
547    313
694    480
770    289
715    380
798    257
805    240
514    154
506    328
825    7
184    488
615    208
796    781
60    23
619    550
465    651
276    431
761    258
564    292
780    22
660    349
556    493
727    275
834    282
585    19
746    431
738    751
85    589
225    510
619    576
174    155
821    97
227    285
352    79
460    224
697    282
852    685
648    483
655    1375
257    57
567    32
334    56
378    623
621    1047
821    275
419    79
623    127
680    195
796    357
151    194
661    751
639    958
499    191
798    367
191    345
683    312
387    101
668    300
788    540
573    182
745    98
13    455
470    181
55    121
829    318
459    245
312    509
804    203
639    615
689    298
805    12
340    180
405    444
826    92
738    230
682    56
825    988
654    238
436    217
690    223
780    300
830    194
146    345
8    403
303    230
796    282
785    1050
835    50
852    473
627    697
711    193
632    233
580    258
689    748
715    111
796    1040
197    182
558    15
825    298
42    660
532    781
653    597
272    208
571    194
836    507
363    186
393    184
280    385
318    265
766    675
12    228
643    404
714    15
846    736
230    168
450    1282
623    121
436    99
569    258
776    22
484    174
328    318
654    735
128    605
727    265
286    431
616    303
642    871
553    56
468    97
759    298
344    26
807    22
727    378
144    14
346    1217
718    546
763    418
417    796
864    53
841    288
357    687
693    606
826    188
139    242
234    100
727    232
255    546
645    427
757    24
234    125
151    168
777    157
622    402
798    306
328    520
438    815
579    194
547    303
268    588
709    294
864    50
658    169
650    228
831    1
44    447
653    97
645    660
225    603
770    288
788    983
455    289
809    328
110    12
707    498
591    428
592    194
840    663
805    1170
276    447
843    227
669    172
372    44
588    173
109    222
87    27
299    165
276    7
411    222
128    451
588    941
569    1197
807    679
823    568
851    240
89    236
864    168
844    179
823    333
661    189
605    126
480    100
694    230
521    298
705    118
582    151
627    205
757    684
804    678
347    369
845    750
407    508
692    1054
854    318
397    390
738    403
308    132
864    1446
290    89
825    742
798    52
766    192
655    605
701    272
821    118
429    163
453    184
861    294
727    2
857    898
13    371
666    284
642    13
586    809
326    449
827    331
628    242
843    288
307    505
828    923
535    215
798    155
716    610
486    264
262    65
880    386
796    315
92    50
290    692
730    815
389    501
295    227
747    82
18    382
848    204
664    1101
878    582
655    203
786    7
595    293
256    732
654    332
821    126
665    926
200    245
477    20
741    475
694    127
450    173
752    294
804    771
690    51
715    685
861    1227
488    1
863    270
450    161
215    132
805    420
151    663
881    423
749    431
640    170
621    540
210    832
870    511
655    591
494    286
468    699
864    70
758    29
784    270
604    100
94    372
201    17
773    509
855    198
239    238
15    275
568    530
844    690
653    328
442    979
665    147
559    12
665    183
314    412
543    521
21    358
184    216
880    769
828    960
14    523
774    176
526    276
92    993
186    689
548    257
327    718
57    194
796    210
835    162
216    91
776    760
392    323
606    385
174    709
749    541
363    47
206    242
669    50
666    613
497    189
13    491
644    988
707    58
487    713
748    69
457    288
861    289
189    503
537    15
332    117
474    66
753    211
457    204
886    4
593    97
116    640
747    97
330    21
470    258
878    511
770    358
851    1016
735    475
606    508
795    554
712    102
535    708
883    311
567    195
423    322
380    729
742    13
146    327
704    497
504    526
71    514
42    86
482    288
805    343
339    145
675    1007
392    663
509    343
486    1379
268    718
758    489
790    111
866    306
846    186
884    275
846    1168
450    417
417    723
624    15
742    15
871    177
699    880
435    230
778    234
398    196
885    210
505    568
872    106
84    477
721    111
851    10
786    418
672    275
676    1483
590    237
535    499
889    160
330    963
545    194
488    526
313    238
788    823
694    521
874    306
870    568
868    265
177    324
720    1176
885    428
735    106
748    222
44    133
709    405
694    492
758    547
313    514
881    1124
886    147
886    235
889    168
669    194
625    254
826    288
314    132
663    123
347    174
87    94
437    170
617    646
766    639
7    573
578    222
854    1086
224    553
880    72
11    372
445    1143
645    513
890    98
255    324
857    14
389    211
870    386
605    69
666    544
455    1086
543    391
49    1017
655    1623
859    1014
466    1607
79    1
524    499
820    315
600    570
864    386
460    313
210    654
858    292
33    329
713    345
711    82
630    756
846    46
788    228
279    862
882    186
844    69
560    268
592    89
463    475
541    511
728    147
479    95
804    63
804    826
18    22
665    12
871    259
554    756
848    195
606    173
831    250
537    486
890    237
864    603
540    628
158    217
705    623
698    588
839    129
621    676
698    648
892    226
814    675
505    471
862    121
883    709
830    523
897    472
13    750
387    248
648    275
545    423
494    121
634    544
840    495
314    283
666    163
573    180
410    323
713    342
116    603
493    151
505    742
749    510
702    227
875    514
833    185
881    630
771    1
840    507
504    517
287    235
279    100
619    566
896    686
717    307
758    20
804    24
889    81
597    118
896    744
880    4
397    268
887    111
815    501
454    317
500    407
577    735
682    393
697    50
833    1071
345    781
561    1478
387    181
726    1059
322    505
188    174
459    873
896    684
823    286
738    88
281    271
268    186
533    132
533    88
294    281
815    393
584    25
663    183
618    65
682    26
835    281
621    240
853    323
559    195
870    17
788    471
551    596
643    679
805    180
802    7
843    831
807    101
864    294
803    311
847    258
646    332
326    195
849    298
883    1045
487    179
416    323
279    1244
766    217
262    86
592    1067
760    204
892    604
588    550
442    436
95    419
464    264
850    969
804    559
624    245
379    419
421    218
634    475
460    117
371    185
880    347
825    717
468    529
825    14
828    1597
894    328
630    496
392    340
823    55
608    483
345    5
503    234
757    62
565    1622
11    318
911    588
671    68
705    399
876    238
877    216
514    152
20    633
392    191
889    217
643    33
26    298
694    965
13    662
892    71
896    273
345    262
144    12
795    238
846    731
847    479
667    196
686    430
868    151
916    232
867    210
582    748
881    50
871    237
824    268
489    303
380    190
214    482
891    278
611    307
774    205
882    294
636    275
606    187
690    1028
397    313
503    736
551    460
891    280
296    11
500    1166
734    132
758    1022
832    876
634    118
788    258
454    202
800    597
648    204
782    344
846    31
901    22
438    1
362    300
916    451
314    1253
749    686
705    684
603    180
532    7
711    16
178    331
243    10
330    405
126    990
908    694
450    284
905    245
663    508
354    433
620    859
7    71
758    76
806    12
216    508
380    151
928    8
894    740
624    763
782    1191
311    417
615    357
863    305
903    203
561    455
715    24
721    1039
843    429
591    13
653    117
694    187
724    301
552    873
464    307
360    520
929    89
456    824
847    485
640    189
246    616
658    100
286    1079
817    363
874    340
903    708
840    165
790    66
927    501
621    501
12    328
346    233
882    237
893    117
481    252
862    919
889    186
293    1135
889    386
711    313
694    498
771    294
682    5
659    167
630    325
896    367
527    492
846    507
811    892
806    28
889    520
399    468
864    794
522    521
772    310
833    144
144    223
896    414
705    210
886    813
463    237
774    519
144    126
786    66
514    511
491    127
749    628
693    1248
868    501
59    525
870    462
846    746
674    742
704    661
360    69
886    182
380    845
643    673
194    518
819    248
758    238
682    1079
533    216
291    184
455    144
589    322
222    150
406    660
913    527
716    172
385    1449
815    200
929    209
749    620
285    270
773    258
916    175
888    869
223    313
819    1160
870    68
860    305
568    56
123    14
84    318
406    180
864    1228
835    313
606    111
806    216
933    187
859    294
911    381
770    303
883    212
389    302
92    385
913    481
826    510
902    50
869    240
844    7
910    845
537    714
655    1473
339    1258
846    588
399    379
703    508
933    156
385    1456
917    471
227    741
815    181
424    286
924    273
870    528
860    347
456    952
903    23
867    250
846    387
374    227
92    44
618    52
933    98
658    42
610    172
497    7
747    234
58    137
548    56
286    42
883    168
848    1021
796    755
908    133
468    174
886    801
747    606
756    274
194    204
836    611
43    257
504    187
588    206
577    102
488    191
871    213
894    344
90    511
854    55
862    982
893    405
363    223
869    50
187    707
624    127
667    238
930    121
532    980
417    203
645    319
880    222
846    230
339    639
851    121
807    684
803    242
889    696
683    472
536    228
781    191
59    219
663    151
47    303
455    568
899    435
836    134
877    83
655    240
863    690
846    721
327    324
538    137
627    22
119    28
630    153
645    173
632    99
295    144
321    511
788    12
862    1110
741    194
741    1152
751    87
931    476
500    117
758    802
416    265
880    1059
271    215
710    172
819    340
472    403
627    431
709    117
807    554
606    293
844    511
862    105
896    161
752    904
504    176
677    1049
863    313
839    532
629    416
682    2
655    1022
894    147
901    71
904    66
697    270
504    174
621    1228
894    336
919    204
216    416
868    449
385    954
574    100
256    64
711    197
763    174
158    302
747    98
868    436
942    584
479    193
829    100
94    403
228    812
902    134
790    15
254    496
782    1013
872    310
733    107
841    271
102    234
800    276
522    530
422    185
889    153
790    742
727    80
117    132
633    328
587    888
907    740
183    274
474    318
907    181
773    427
637    847
521    520
831    315
64    718
63    276
523    451
210    79
823    125
476    732
796    628
889    497
90    481
910    117
606    209
817    928
782    244
834    50
897    66
283    211
870    10
532    588
318    482
932    177
932    617
733    740
222    588
682    186
827    750
130    350
864    144
399    225
727    87
896    232
648    454
749    1028
847    7
903    56
645    32
585    86
667    23
645    469
910    282
905    326
374    526
354    655
756    258
645    709
804    755
9    50
787    302
294    840
884    736
493    204
480    50
776    656
776    177
756    121
347    210
303    123
833    1012
711    995
875    478
530    176
922    451
458    484
514    272
870    244
762    515
85    316
764    282
593    51
313    651
621    577
880    276
916    593
757    56
815    134
875    321
771    189
863    288
515    300
864    102
435    427
305    13
916    381
62    451
790    89
846    518
755    887
224    555
788    291
932    671
936    298
840    489
685    324
833    206
257    14
374    1197
496    277
334    193
659    319
488    742
62    172
655    211
43    755
631    310
847    257
758    25
227    1068
921    82
452    607
94    423
854    919
854    288
666    805
405    418
806    17
456    98
864    501
880    272
627    174
807    597
934    239
10    230
780    485
832    322
649    50
532    105
474    515
776    218
896    70
933    214
786    9
918    45
907    756
768    25
682    591
571    114
10    470
878    66
676    539
771    137
87    66
882    597
480    79
158    385
896    95
485    269
595    744
913    655
716    606
716    474
659    252
378    44
790    273
213    117
624    980
286    169
880    71
766    173
919    1048
436    348
361    283
892    423
705    699
751    91
633    318
847    121
629    357
500    370
655    340
788    550
661    418
938    333
839    1009
666    433
796    434
913    175
303    461
886    657
716    482
504    330
805    47
693    56
704    493
268    96
479    431
249    853
43    421
943    237
782    339
13    262
643    448
647    73
916    281
404    272
878    60
716    70
268    219
721    28
642    993
62    204
535    955
836    89
345    200
803    303
717    262
452    385
256    222
938    476
880    549
938    9
109    226
890    1039
524    943
592    189
406    565
920    332
279    152
815    435
889    180
887    24
597    181
52    333
624    236
262    727
567    1012
426    609
374    274
273    304
516    214
669    522
912    483
666    663
567    631
213    64
618    8
118    508
361    285
647    405
804    1228
358    114
224    468
699    137
121    736
557    289
922    265
795    432
450    43
236    510
809    302
943    62
279    450
906    628
936    14
504    205
18    88
889    17
506    529
361    603
633    77
896    474
603    222
618    99
749    9
878    317
535    25
655    658
887    760
437    511
897    97
870    302
815    631
640    184
85    515
592    1016
198    526
503    183
694    451
885    196
583    425
267    1145
919    1109
711    238
889    55
862    79
385    504
500    443
815    434
894    107
889    248
440    57
667    357
912    602
524    230
794    127
896    275
746    62
286    189
568    199
689    475
716    136
79    10
655    1113
732    322
606    202
913    656
889    178
532    918
450    741
913    183
558    744
663    696
272    174
506    710
207    208
727    66
807    968
652    286
240    307
912    197
189    157
923    281
213    831
883    399
435    76
894    307
804    180
437    94
663    56
505    584
939    121
815    69
634    285
184    1101
200    812
883    134
268    475
447    79
894    748
735    676
498    234
892    291
62    207
870    195
18    418
724    328
554    179
880    678
8    336
774    204
501    100
788    554
932    515
757    665
848    133
882    1060
645    258
833    1118
654    269
682    738
921    755
422    302
650    1215
910    414
703    322
457    676
531    898
522    480
597    151
606    475
872    350
804    123
669    482
660    238
650    133
588    380
718    685
889    150
379    94
716    432
893    411
883    86
918    638
409    538
425    92
897    205
721    660
291    27
822    25
799    174
567    178
213    627
788    1112
918    16
793    129
188    455
557    176
687    313
81    116
301    117
941    181
894    1381
749    99
890    230
893    172
871    345
924    258
537    283
666    216
805    1
503    582
729    300
501    294
683    269
664    83
758    887
747    93
894    923
129    300
638    523
57    477
756    235
130    291
896    1134
780    164
838    286
851    977
851    346
911    190
481    88
735    748
395    866
44    87
365    1011
622    404
389    969
199    269
860    202
577    48
715    108
348    685
732    289
579    202
856    313
804    284
940    855
800    294
553    514
933    72
916    223
308    770
433    137
877    197
783    307
835    484
642    1239
758    628
732    937
334    44
648    72
305    49
618    651
94    1221
328    646
743    744
731    143
263    31
899    193
855    179
426    519
326    588
788    546
892    176
443    269
417    161
734    173
630    819
757    151
537    515
264    150
634    25
899    73
751    216
159    291
618    154
691    604
189    792
38    1028
406    281
534    410
422    237
119    827
883    283
387    399
666    484
733    285
500    1048
798    90
535    518
875    333
395    163
479    670
883    116
757    895
585    20
457    28
863    752
813    890
543    1159
920    1612
889    204
924    923
176    285
634    591
764    845
803    269
695    354
303    17
29    303
655    272
710    198
450    33
381    124
478    153
517    311
600    187
540    15
503    199
894    324
464    332
781    327
926    315
790    584
5    434
727    471
256    665
751    347
751    96
18    512
881    526
223    288
479    408
659    423
23    423
567    673
819    381
551    393
942    607
808    300
488    178
437    172
11    58
933    746
927    1093
889    300
468    1070
479    169
222    198
786    357
630    273
846    849
90    750
666    92
23    116
892    946
450    1135
650    56
303    559
916    509
848    82
262    338
906    544
844    97
793    248
586    234
489    338
788    118
819    346
60    496
790    67
568    178
886    200
830    501
592    480
606    942
380    97
721    988
406    97
496    22
665    88
655    464
308    629
222    147
782    881
718    255
640    42
237    483
458    631
457    154
593    204
790    143
184    241
378    193
913    963
330    694
915    333
493    678
659    43
766    50
835    421
903    515
569    14
844    597
249    92
763    357
747    584
619    27
382    59
429    176
755    322
239    507
773    790
279    461
163    316
429    1101
289    455
416    103
642    140
18    633
788    729
444    269
494    358
681    1105
577    317
862    416
682    95
655    910
201    924
807    135
843    860
417    188
296    13
805    164
846    810
440    883
788    1478
864    114
655    914
479    609
318    809
719    71
871    813
717    326
934    384
699    304
392    1226
908    434
798    110
927    237
664    173
236    526
675    896
774    679
758    28
313    210
906    273
184    318
409    116
122    86
582    125
758    384
870    96
801    301
308    47
784    258
108    281
921    133
393    282
112    258
887    1413
747    333
402    168
537    184
379    709
608    507
903    529
826    99
901    250
389    664
670    191
756    591
328    751
712    50
473    1143
429    358
268    127
294    257
798    400
840    671
622    625
932    218
650    117
655    223
894    1501
781    289
650    135
760    873
437    153
711    380
810    338
907    98
493    89
416    282
437    139
761    123
723    172
867    431
682    1225
831    354
766    605
757    96
622    434
409    171
554    735
234    367
929    185
543    197
611    311
407    154
784    326
68    181
782    1252
429    443
932    459
564    127
381    96
645    435
823    478
648    90
881    195
738    147
567    433
500    7
780    474
425    181
835    133
834    315
337    227
748    323
412    174
798    162
480    485
650    588
550    237
592    754
771    462
222    193
846    388
498    14
666    204
757    97
858    334
758    291
829    281
551    509
825    322
733    515
743    301
413    25
249    238
429    1301
913    603
826    68
911    210
506    194
646    1022
642    399
843    82
207    385
28    672
796    1012
290    102
195    1315
430    1375
881    214
694    1126
588    225
851    299
655    503
197    272
758    179
275    393
936    508
777    15
749    239
796    945
922    237
586    123
291    404
464    270
846    608
712    63
717    472
939    934
846    525
144    455
846    227
665    1315
671    379
712    996
666    1474
699    1328
804    120
340    497
535    144
297    294
542    347
920    346
184    387
852    1052
312    618
699    185
661    89
523    97
659    451
399    218
780    294
884    382
276    919
916    570
868    480
178    100
889    856
872    895
833    168
747    13
47    286
497    402
7    52
894    1080
621    25
795    472
409    127
82    770
645    482
684    63
346    175
537    431
645    641
929    483
551    559
576    763
484    1016
71    153
655    1266
853    286
805    1098
943    55
747    315
704    492
848    181
850    568
584    222
465    98
44    172
476    384
751    55
826    309
749    1185
854    484
627    271
688    309
900    318
846    485
738    128
622    480
874    116
912    173
537    660
932    180
643    432
916    763
498    410
480    56
901    230
770    275
666    956
765    1009
537    319
749    398
655    454
614    508
905    302
835    650
152    944
843    434
880    47
788    385
249    427
886    591
296    194
671    174
854    106
622    363
655    927
478    64
699    477
943    721
941    475
526    1007
405    429
621    55
815    217
758    147
498    64
793    235
533    483
842    1395
715    122
863    334
796    257
294    515
452    474
495    378
660    172
663    628
823    654
727    739
595    460
759    471
851    64
633    237
621    721
707    111
468    531
840    50
501    696
324    273
887    562
234    93
359    50
659    610
838    210
308    1121
833    508
568    604
788    720
757    204
831    905
345    12
328    275
643    161
705    419
892    425
524    269
223    477
453    282
699    471
939    597
806    1098
588    29
854    757
177    210
838    28
255    219
737    32
643    2
702    751
676    272
756    739
431    328
506    739
803    325
864    569
764    692
650    625
885    655
210    132
886    10
883    724
299    408
833    194
710    202
87    1180
716    230
916    210
942    357
934    1285
828    512
385    568
314    1047
592    97
875    332
848    215
756    141
805    13
848    166
870    582
877    549
721    321
655    462
790    561
544    270
882    739
621    1016
938    111
748    97
870    180
311    241
659    218
788    715
486    713
852    259
717    742
96    196
716    274
579    70
91    294
632    173
875    135
893    258
479    199
863    359
872    820
694    71
784    300
899    153
638    188
932    615
788    498
840    45
796    565
456    1101
756    323
221    751
460    306
833    745
782    270
450    111
748    603
888    644
532    282
758    895
838    258
915    334
851    833
798    191
815    660
763    732
425    1129
889    431
588    307
586    117
877    288
922    175
337    67
886    178
198    89
940    151
859    275
902    172
404    938
746    132
798    394
753    272
535    484
801    302
838    705
586    780
339    53
804    98
827    288
468    647
880    208
887    172
517    740
898    347
932    863
524    386
682    1039
586    17
640    1258
749    214
244    744
867    12
807    542
393    77
712    393
144    294
536    500
542    87
210    114
840    182
666    650
453    237
747    792
862    650
533    684
851    912
894    126
796    134
848    435
774    69
468    248
484    684
758    129
187    1065
463    246
401    125
458    199
823    294
535    1063
911    193
640    81
694    435
564    281
329    657
620    742
818    303
886    201
639    694
943    68
935    815
883    316
880    780
452    515
846    955
846    61
236    595
293    237
417    151
831    237
631    288
921    66
391    696
804    597
634    294
450    724
427    331
883    318
593    685
843    175
846    665
276    200
907    869
758    502
918    707
897    443
930    107
567    199
776    95
930    300
605    1
28    196
442    69
829    129
804    573
796    769
782    1388
904    781
907    1221
294    1
159    1152
94    338
664    228
363    256
843    561
537    950
886    127
625    654
798    174
707    57
773    93
49    99
92    212
749    748
354    292
293    1264
311    436
259    748
224    402
883    463
825    291
689    237
780    498
715    549
504    505
804    55
891    1040
109    1135
334    882
881    64
804    69
660    747
862    97
601    475
770    936
709    182
109    1210
907    286
334    810
76    293
556    133
63    137
486    292
901    795
592    286
426    659
903    52
756    95
592    326
276    237
598    286
923    685
896    160
890    23
780    216
879    294
756    251
566    56
543    324
907    88
666    974
864    188
312    169
561    701
456    150
932    494
650    597
882    227
813    307
654    302
835    176
521    421
721    631
926    258
367    876
894    26
864    95
796    849
484    732
833    742
870    13
916    715
745    168
883    269
886    1067
919    367
297    100
564    302
868    556
724    329
804    429
804    79
601    65
521    257
804    307
130    144
269    747
902    87
406    432
362    347
936    995
589    304
577    1042
569    274
533    177
851    328
197    50
716    740
901    436
94    737
294    872
825    628
896    181
883    712
599    284
851    127
838    945
712    40
170    300
904    181
838    82
782    1611
504    676
709    69
916    216
906    129
89    25
903    1048
500    462
606    82
592    140
651    301
913    483
854    512
942    234
924    2
660    175
313    497
402    15
590    111
840    493
533    498
420    493
916    73
920    310
28    588
871    187
932    133
825    405
592    654
804    449
213    42
358    258
916    256
721    335
711    88
815    226
650    628
655    507
887    257
259    928
308    259
586    44
798    125
897    483
801    245
576    678
925    788
479    235
805    642
880    1277
347    627
896    527
630    22
608    736
853    270
566    685
629    153
659    447
747    433
870    70
38    673
666    124
458    275
363    372
627    566
459    186
727    402
887    596
880    85
497    805
478    150
804    252
832    264
35    321
476    959
513    435
805    1118
825    620
846    550
372    273
416    345
911    134
506    641
393    720
907    117
757    143
807    205
682    752
917    756
749    22
840    22
922    455
896    188
328    316
587    322
782    313
856    307
862    81
847    210
466    260
886    33
823    426
392    269
749    328
435    288
896    800
934    254
834    276
308    480
717    628
896    284
830    566
883    279
500    554
94    823
846    655
764    472
772    344
742    124
455    22
566    137
760    71
119    349
877    326
616    316
615    83
880    823
867    28
468    204
525    293
643    176
495    77
494    603
707    251
835    505
786    504
92    40
894    20
790    365
786    88
653    79
476    210
618    144
653    739
884    529
727    576
854    498
21    9
446    321
606    637
907    819
620    173
840    82
921    210
235    1134
94    622
669    649
642    1185
609    285
406    1147
738    121
890    444
929    100
806    161
804    1615
875    42
546    760
630    120
417    94
472    916
646    748
916    236
573    836
399    511
616    301
563    172
474    378
65    77
733    950
548    271
488    651
774    1118
328    96
874    311
677    475
471    71
244    1428
624    762
7    50
591    237
904    796
503    963
908    223
840    588
862    845
151    966
527    1149
130    752
715    98
782    316
537    131
184    212
890    429
747    134
25    7
883    302
483    173
682    922
452    285
823    514
851    223
416    147
178    873
910    284
328    471
747    22
887    168
385    693
871    326
807    432
806    127
642    384
831    156
807    403
886    216
943    233
642    796
273    268
878    237
885    82
889    955
936    246
862    180
795    132
805    9
649    815
847    8
870    317
748    633
586    693
843    230
494    498
833    576
894    902
916    60
638    511
14    276
676    993
882    143
703    121
668    895
885    1221
894    971
881    419
568    529
867    222
705    566
937    222
374    27
804    230
747    185
838    174
936    1009
393    1
932    222
894    262
833    23
373    216
882    181
894    676
843    528
550    682
747    473
514    68
844    161
907    182
749    930
885    7
550    258
910    357
643    210
870    589
624    405
357    825
919    295
846    419
859    381
741    255
882    101
885    25
144    137
537    463
42    735
908    194
450    140
552    1362
833    664
659    357
870    461
699    1010
269    479
758    506
385    197
280    379
864    367
709    288
239    382
760    255
805    127
881    255
643    527
207    129
864    1248
796    294
607    100
769    237
568    523
269    108
456    214
545    227
747    608
878    59
595    100
533    64
916    31
786    275
841    315
618    265
836    750
562    88
663    282
727    111
100    346
830    418
942    662
901    50
747    274
195    242
840    81
455    1167
893    597
624    126
394    176
894    331
883    414
894    1150
782    1243
929    127
488    127
535    300
537    79
885    953
940    629
916    549
758    715
406    367
655    639
896    679
263    181
394    294
758    922
931    293
136    257
911    154
218    657
625    97
927    928
523    1472
666    493
551    1051
943    426
790    121
843    495
7    607
711    70
851    824
642    220
882    66
685    882
705    526
821    148
194    550
588    21
186    405
807    208
851    676
936    324
877    202
780    28
450    1112
425    403
92    239
788    658
141    294
796    550
315    202
644    546
698    228
38    1037
114    200
469    238
847    70
804    425
712    141
561    207
472    100
450    59
843    229
655    1144
796    209
751    481
749    485
597    825
373    190
933    144
117    1059
840    181
923    628
318    167
881    420
222    230
813    263
771    172
90    135
792    15
897    866
213    924
326    523
883    173
388    200
470    327
394    627
804    646
523    1036
943    2
881    520
666    69
782    245
116    127
13    882
788    135
659    79
936    410
860    307
864    559
244    193
881    515
758    640
748    4
940    516
714    9
238    237
711    387
940    651
766    1050
840    756
885    99
592    282
114    172
883    285
125    763
472    208
919    250
903    79
749    139
453    67
887    50
629    200
916    535
906    286
880    1244
646    323
642    812
429    300
788    230
178    223
314    568
297    659
892    238
629    326
775    315
234    699
868    207
816    678
535    135
591    511
880    731
846    212
859    410
877    531
694    241
514    268
790    568
588    403
786    188
880    96
864    625
435    953
643    82
815    190
862    483
833    47
943    1044
13    778
741    178
707    462
880    248
823    52
887    1013
932    487
940    258
265    273
514    87
804    413
888    111
686    22
635    333
307    269
890    194
478    204
890    484
757    164
393    652
738    225
828    475
868    327
378    660
932    195
642    208
234    447
895    742
934    420
313    559
881    186
894    19
722    866
916    193
655    137
591    194
894    303
694    72
643    58
892    69
890    179
669    654
929    135
886    132
497    1041
290    357
936    1335
560    275
910    174
648    220
805    357
378    51
406    462
932    520
940    183
650    520
655    196
870    427
90    516
932    212
807    1274
758    319
934    170
722    117
894    124
577    216
889    165
868    55
795    583
774    211
871    1434
577    941
405    174
629    881
704    382
815    204
883    530
583    602
303    116
931    845
936    358
498    1404
763    79
699    202
176    273
748    427
611    750
75    129
927    25
59    53
454    511
795    747
782    348
854    11
909    339
204    9
887    1084
786    703
561    357
440    245
435    596
886    42
251    185
291    739
110    569
528    79
411    174
763    190
892    227
693    1090
932    612
705    820
899    568
690    154
342    236
932    527
932    47
686    168
880    570
180    356
771    95
928    268
655    1137
639    835
934    82
679    173
840    650
897    1531
487    789
906    1011
651    269
934    703
892    405
823    102
918    199
299    89
923    257
711    49
796    147
886    692
584    541
906    237
533    1086
249    129
903    234
796    530
843    222
889    474
833    357
592    350
830    568
899    8
916    1070
904    1152
883    1288
901    117
607    482
646    895
943    234
901    409
757    1073
417    549
901    560
83    50
844    946
537    493
307    50
707    190
844    471
246    240
802    436
877    475
851    1675
590    19
826    96
490    987
587    292
738    234
313    845
815    175
207    805
882    210
405    1220
782    936
815    479
200    139
908    100
643    194
491    12
918    517
903    1098
929    484
848    97
815    392
852    407
561    617
857    328
919    70
928    134
796    283
659    521
907    762
543    642
771    114
763    99
890    185
916    64
767    921
609    750
878    202
318    458
846    58
561    144
854    855
863    887
545    95
846    789
152    1035
798    728
851    128
705    815
927    1016
646    286
859    313
864    200
345    161
682    1267
800    50
903    25
929    136
920    258
918    1099
881    380
648    109
907    748
903    30
655    513
851    284
584    108
942    215
782    749
294    354
664    176
139    744
798    1337
497    73
758    342
875    357
846    604
738    97
617    558
619    327
195    507
942    282
875    806
532    1594
932    490
645    357
919    660
798    133
932    86
452    528
927    411
747    9
507    306
379    28
450    1421
786    684
95    473
854    185
727    22
686    194
807    578
922    145
299    319
907    5
416    231
77    183
683    513
913    276
374    82
835    523
666    357
70    418
851    1598
943    239
524    134
450    228
847    716
299    114
940    436
438    252
934    72
283    109
524    471
864    117
923    151
758    541
823    17
886    628
20    82
560    11
642    95
659    499
664    100
299    20
913    436
871    226
598    259
682    284
801    881
72    844
758    435
927    722
864    172
886    181
600    1419
638    405
650    443
608    216
880    881
533    56
200    447
850    496
890    173
862    658
270    1109
883    48
805    922
424    292
735    237
881    742
487    173
707    285
178    268
416    122
500    13
559    300
704    481
870    802
271    466
727    363
456    229
644    873
543    14
922    402
864    228
846    204
943    201
407    131
773    182
532    187
913    96
751    809
822    189
903    628
850    162
533    755
592    1082
921    419
903    709
903    520
911    191
933    200
498    1495
799    191
846    39
882    369
936    1115
694    185
659    180
814    436
675    242
927    385
921    405
673    896
624    310
883    713
650    68
922    228
721    209
915    302
932    170
524    212
943    217
393    145
897    96
938    596
515    259
447    282
784    327
14    525
293    501
465    127
707    1024
881    217
821    597
725    328
805    79
877    185
927    1047
579    25
682    168
25    657
896    435
320    774
268    747
622    228
747    195
943    41
846    660
788    670
293    628
561    55
699    532
833    347
722    597
924    519
23    173
693    628
934    657
892    133
551    96
932    230
914    778
402    1284
698    66
293    98
878    265
892    684
835    287
871    989
589    877
349    713
942    124
682    117
279    165
130    117
603    7
942    414
712    83
911    431
621    804
793    127
840    521
848    451
94    293
349    25
904    88
801    268
297    153
758    176
486    302
893    50
514    1101
712    501
904    535
876    318
138    497
213    70
784    340
846    509
880    411
579    294
877    306
343    478
716    1126
662    1511
731    608
796    573
846    1041
932    82
913    258
852    506
117    282
500    1057
567    494
639    60
709    762
606    588
904    785
889    959
830    228
268    116
881    651
815    228
907    742
389    347
733    9
188    187
913    172
537    345
849    38
37    62
601    660
294    333
385    448
933    515
692    1
749    1440
648    211
795    208
500    242
24    151
922    431
521    181
748    227
578    1016
577    68
918    507
327    529
834    245
901    142
804    235
800    405
385    92
749    181
930    709
862    91
214    55
442    2
399    47
840    179
747    1045
374    504
922    919
523    1069
862    265
821    993
488    746
642    748
924    9
892    497
773    24
164    328
537    609
734    498
497    226
271    610
731    520
770    257
546    300
790    210
457    238
42    591
791    294
288    286
895    151
755    286
416    100
907    15
830    692
655    1640
18    127
873    348
892    526
239    433
868    168
749    975
315    93
296    23
543    528
748    1
622    1406
943    69
119    257
776    549
655    1166
938    1
892    380
533    1161
642    477
748    133
916    241
416    310
204    12
339    660
895    328
899    213
738    250
55    7
827    333
594    199
488    82
880    379
592    109
887    132
738    919
932    607
294    829
406    393
817    405
878    258
707    420
896    730
749    365
314    768
892    495
883    513
823    710
870    746
897    404
931    302
858    327
615    197
648    448
943    9
458    7
687    269
727    392
450    178
768    269
294    328
477    451
916    1009
66    1016
293    765
507    118
898    258
934    181
880    25
890    530
934    474
715    282
711    22
429    217
749    204
535    162
840    185
230    699
70    380
648    110
763    498
286    652
705    229
848    71
939    275
943    568
921    254
313    197
916    498
501    274
907    326
916    12
756    420
727    205
682    470
889    423
655    558
807    69
917    9
716    823
881    31
62    64
475    306
80    64
708    181
773    1252
293    303
381    480
916    109
901    322
897    210
870    248
49    475
932    414
854    321
655    143
458    100
882    176
788    443
16    39
842    333
437    462
251    294
862    12
709    576
875    179
417    365
90    196
846    210
815    380
265    1
699    70
882    588
276    300
279    969
943    219
896    692
151    190
883    582
711    715
44    307
279    901
822    206
790    755
832    260
804    435
903    147
291    573
640    689
417    302
532    916
922    596
936    845
690    274
788    357
165    223
201    237
721    161
393    693
927    28
495    1039
934    419
64    184
642    73
664    660
896    176
815    526
694    188
920    272
327    498
924    471
839    1381
450    654
749    205
781    210
846    101
519    887
932    416
891    978
935    685
884    463
684    248
606    97
883    234
764    281
936    251
889    77
823    134
193    690
821    151
421    498
